Group: ./kplib/03InverseStronglyCorrelated/
----------Test case: n00050------------
Total value = 14914
Total weight: 16714
Packed items: [0, 4, 10, 13, 16, 17, 18, 19, 22, 28, 29, 31, 33, 34, 36, 38, 42, 45]
Packed_weights: [945, 612, 1009, 856, 1010, 1083, 911, 1003, 999, 1014, 1067, 966, 906, 649, 820, 925, 968, 971]
Run time:1.1411521434783936
--------------------------------------------
----------Test case: n00100------------
Total value = 30468
Total weight: 33968
Packed items: [0, 6, 10, 13, 16, 17, 19, 21, 22, 28, 29, 31, 33, 38, 42, 45, 49, 50, 55, 58, 60, 62, 76, 77, 78, 79, 80, 81, 86, 87, 88, 90, 94, 95, 96]
Packed_weights: [945, 884, 1009, 856, 1010, 1083, 1003, 830, 999, 1014, 1067, 966, 906, 925, 968, 971, 1068, 904, 1033, 807, 915, 1064, 858, 977, 1024, 943, 999, 1024, 912, 950, 996, 1050, 1097, 1017, 894]
Run time:0.0678703784942627
--------------------------------------------
----------Test case: n00200------------
Total value = 54964
Total weight: 61464
Packed items: [0, 1, 6, 10, 13, 16, 17, 18, 19, 21, 22, 23, 28, 29, 31, 33, 36, 38, 39, 42, 45, 49, 50, 55, 58, 60, 62, 76, 77, 78, 79, 80, 81, 84, 86, 87, 88, 90, 94, 95, 96, 101, 103, 106, 108, 111, 114, 116, 123, 126, 130, 131, 143, 146, 147, 148, 151, 154, 166, 175, 179, 182, 192, 196, 198]
Packed_weights: [945, 858, 884, 1009, 856, 1010, 1083, 911, 1003, 830, 999, 784, 1014, 1067, 966, 906, 820, 925, 769, 968, 971, 1068, 904, 1033, 807, 915, 1064, 858, 977, 1024, 943, 999, 1024, 806, 912, 950, 996, 1050, 1097, 1017, 894, 946, 832, 895, 916, 798, 1011, 781, 1081, 1062, 901, 1037, 1089, 832, 939, 1019, 1067, 946, 938, 1054, 1047, 816, 976, 802, 763]
Run time:0.013545513153076172
--------------------------------------------
----------Test case: n00500------------
Total value = 136031
Total weight: 152031
Packed items: [0, 1, 6, 10, 13, 16, 17, 18, 19, 21, 22, 28, 29, 31, 33, 36, 38, 42, 45, 49, 50, 55, 58, 60, 62, 76, 77, 78, 79, 80, 81, 84, 86, 87, 88, 90, 95, 96, 101, 103, 106, 108, 114, 123, 126, 130, 131, 143, 146, 147, 148, 150, 151, 154, 166, 170, 175, 179, 182, 192, 196, 206, 207, 211, 212, 213, 215, 218, 219, 224, 226, 231, 233, 235, 240, 241, 246, 252, 253, 254, 256, 257, 259, 260, 269, 270, 275, 290, 292, 293, 296, 299, 300, 301, 304, 308, 319, 321, 325, 326, 327, 334, 341, 342, 346, 348, 357, 358, 359, 363, 364, 366, 367, 370, 375, 380, 382, 386, 387, 388, 389, 390, 394, 396, 399, 400, 407, 408, 411, 416, 421, 422, 423, 425, 439, 441, 449, 451, 452, 453, 454, 456, 458, 460, 462, 464, 467, 469, 470, 475, 476, 477, 478, 484, 485, 488, 489, 494, 495, 496]
Packed_weights: [945, 858, 884, 1009, 856, 1010, 1083, 911, 1003, 830, 999, 1014, 1067, 966, 906, 820, 925, 968, 971, 1068, 904, 1033, 807, 915, 1064, 858, 977, 1024, 943, 999, 1024, 806, 912, 950, 996, 1050, 1017, 894, 946, 832, 895, 916, 1011, 1081, 1062, 901, 1037, 1089, 832, 939, 1019, 773, 1067, 946, 938, 842, 1054, 1047, 816, 976, 802, 856, 984, 910, 976, 913, 1100, 826, 1087, 818, 923, 974, 1079, 954, 893, 962, 972, 1047, 1039, 1010, 850, 802, 813, 1003, 890, 819, 1082, 1009, 941, 1077, 800, 835, 995, 1020, 1075, 850, 1089, 878, 964, 803, 1004, 1048, 1089, 1083, 978, 1018, 1063, 1000, 919, 885, 943, 819, 908, 969, 944, 1069, 1002, 906, 858, 1091, 847, 1006, 926, 892, 952, 899, 960, 1043, 911, 930, 964, 818, 774, 1087, 877, 982, 889, 1012, 900, 1017, 973, 911, 886, 883, 857, 890, 1035, 1002, 1045, 920, 989, 880, 799, 1023, 1036, 874, 835, 1020, 1063, 823]
Run time:180.04946088790894
--------------------------------------------
----------Test case: n01000------------
Total value = 263977
Total weight: 295477
Packed items: [0, 1, 6, 10, 13, 16, 17, 18, 19, 21, 22, 23, 28, 29, 31, 33, 36, 38, 42, 45, 49, 50, 55, 58, 60, 62, 76, 77, 78, 79, 80, 81, 84, 86, 87, 88, 90, 94, 95, 96, 101, 103, 106, 108, 111, 114, 116, 123, 126, 130, 131, 143, 146, 147, 148, 151, 154, 166, 170, 175, 179, 182, 192, 196, 206, 207, 211, 212, 213, 215, 218, 219, 224, 226, 231, 233, 235, 240, 241, 246, 252, 253, 254, 256, 257, 259, 260, 269, 270, 275, 290, 292, 293, 296, 299, 300, 301, 304, 308, 319, 321, 325, 326, 327, 334, 341, 342, 346, 348, 357, 358, 363, 364, 366, 367, 370, 375, 380, 382, 386, 387, 388, 389, 390, 394, 396, 399, 400, 407, 408, 411, 416, 421, 422, 425, 439, 441, 447, 449, 451, 452, 453, 454, 455, 456, 458, 460, 462, 464, 467, 469, 470, 475, 476, 477, 478, 484, 485, 488, 489, 492, 494, 495, 496, 503, 504, 506, 510, 516, 520, 522, 526, 527, 530, 534, 535, 536, 539, 549, 556, 560, 565, 566, 569, 570, 573, 577, 584, 588, 592, 595, 597, 599, 601, 610, 611, 614, 619, 630, 631, 636, 645, 650, 655, 659, 660, 661, 666, 667, 668, 669, 671, 678, 681, 684, 686, 688, 692, 704, 707, 712, 713, 714, 715, 718, 726, 727, 728, 730, 734, 735, 747, 749, 752, 754, 757, 759, 760, 765, 767, 771, 772, 777, 778, 792, 794, 797, 799, 801, 805, 808, 811, 819, 826, 829, 830, 831, 833, 835, 836, 837, 841, 843, 852, 855, 858, 859, 860, 864, 865, 868, 875, 885, 887, 893, 894, 899, 900, 903, 908, 910, 913, 914, 917, 919, 920, 923, 930, 931, 933, 940, 946, 948, 949, 952, 954, 958, 960, 962, 964, 968, 969, 973, 974, 976, 977, 979, 980, 982, 984, 986, 990, 992, 997, 998]
Packed_weights: [945, 858, 884, 1009, 856, 1010, 1083, 911, 1003, 830, 999, 784, 1014, 1067, 966, 906, 820, 925, 968, 971, 1068, 904, 1033, 807, 915, 1064, 858, 977, 1024, 943, 999, 1024, 806, 912, 950, 996, 1050, 1097, 1017, 894, 946, 832, 895, 916, 798, 1011, 781, 1081, 1062, 901, 1037, 1089, 832, 939, 1019, 1067, 946, 938, 842, 1054, 1047, 816, 976, 802, 856, 984, 910, 976, 913, 1100, 826, 1087, 818, 923, 974, 1079, 954, 893, 962, 972, 1047, 1039, 1010, 850, 802, 813, 1003, 890, 819, 1082, 1009, 941, 1077, 800, 835, 995, 1020, 1075, 850, 1089, 878, 964, 803, 1004, 1048, 1089, 1083, 978, 1018, 1063, 1000, 885, 943, 819, 908, 969, 944, 1069, 1002, 906, 858, 1091, 847, 1006, 926, 892, 952, 899, 960, 1043, 911, 930, 964, 818, 1087, 877, 982, 783, 889, 1012, 900, 1017, 973, 782, 911, 886, 883, 857, 890, 1035, 1002, 1045, 920, 989, 880, 799, 1023, 1036, 874, 835, 787, 1020, 1063, 823, 1075, 920, 994, 1039, 960, 1060, 1067, 1038, 1059, 1093, 998, 1046, 905, 855, 841, 1049, 829, 1051, 897, 789, 896, 868, 1038, 799, 869, 807, 861, 862, 1085, 984, 856, 1009, 893, 1020, 879, 889, 798, 795, 846, 989, 968, 787, 842, 1100, 974, 800, 828, 852, 998, 809, 1011, 890, 907, 1041, 805, 978, 1057, 1055, 1030, 1035, 805, 887, 781, 1071, 1022, 983, 895, 836, 960, 813, 1035, 825, 910, 1079, 866, 1020, 855, 930, 972, 1035, 884, 833, 837, 842, 960, 838, 804, 932, 910, 1076, 866, 882, 875, 796, 833, 917, 860, 1001, 934, 1054, 948, 804, 922, 886, 827, 1062, 826, 833, 1073, 993, 1087, 848, 836, 787, 1022, 969, 833, 941, 921, 907, 888, 784, 1028, 906, 833, 1033, 836, 1001, 1078, 873, 787, 822, 840, 781, 876, 787, 1079, 1072, 1069, 1025, 821, 782, 1017, 1000, 848, 917, 1053, 883, 1088, 1030, 1049]
Run time:173.76711249351501
--------------------------------------------
----------Test case: n02000------------
Total value = 534014
Total weight: 597114
Packed items: [0, 1, 6, 10, 13, 16, 17, 18, 19, 21, 22, 28, 29, 31, 33, 36, 38, 42, 45, 49, 50, 55, 58, 60, 62, 76, 77, 78, 79, 80, 81, 84, 86, 87, 88, 90, 94, 95, 96, 101, 103, 106, 108, 111, 114, 123, 126, 130, 131, 143, 146, 147, 148, 151, 154, 166, 170, 175, 179, 182, 192, 196, 206, 207, 211, 212, 213, 215, 218, 219, 224, 226, 231, 233, 235, 240, 241, 246, 252, 253, 254, 256, 257, 259, 260, 269, 270, 275, 290, 292, 293, 296, 299, 300, 301, 304, 308, 319, 321, 325, 326, 327, 334, 341, 342, 346, 348, 357, 358, 359, 363, 364, 366, 367, 370, 375, 380, 382, 386, 387, 388, 389, 390, 394, 396, 399, 400, 407, 408, 411, 416, 421, 422, 425, 439, 441, 449, 451, 452, 453, 454, 456, 458, 460, 462, 464, 467, 469, 470, 475, 476, 477, 478, 484, 485, 488, 489, 492, 494, 495, 496, 503, 504, 506, 510, 516, 520, 522, 526, 527, 530, 534, 535, 536, 539, 549, 556, 560, 565, 566, 569, 570, 573, 577, 584, 588, 592, 595, 597, 599, 601, 610, 611, 614, 619, 630, 631, 636, 645, 650, 655, 659, 660, 661, 666, 667, 668, 669, 671, 678, 681, 684, 686, 688, 692, 704, 707, 712, 713, 714, 715, 718, 726, 728, 730, 734, 735, 747, 749, 752, 754, 757, 759, 760, 765, 767, 771, 772, 777, 778, 792, 794, 797, 799, 801, 805, 808, 811, 819, 826, 829, 830, 831, 833, 835, 836, 837, 841, 843, 852, 855, 858, 859, 860, 864, 865, 868, 875, 885, 887, 893, 894, 899, 900, 903, 908, 910, 913, 914, 917, 919, 923, 930, 931, 933, 940, 946, 948, 949, 952, 954, 958, 962, 968, 969, 973, 974, 976, 979, 980, 982, 984, 986, 990, 992, 997, 998, 1000, 1001, 1002, 1003, 1007, 1014, 1016, 1020, 1021, 1022, 1025, 1027, 1028, 1029, 1030, 1033, 1036, 1040, 1044, 1049, 1051, 1053, 1054, 1057, 1060, 1061, 1062, 1064, 1065, 1067, 1069, 1070, 1076, 1078, 1081, 1084, 1086, 1099, 1100, 1101, 1103, 1104, 1105, 1116, 1118, 1121, 1123, 1128, 1131, 1134, 1135, 1137, 1143, 1144, 1156, 1158, 1163, 1165, 1166, 1170, 1172, 1179, 1180, 1182, 1186, 1187, 1190, 1193, 1205, 1209, 1210, 1211, 1215, 1217, 1220, 1229, 1232, 1234, 1236, 1244, 1246, 1250, 1253, 1254, 1256, 1259, 1262, 1267, 1276, 1285, 1286, 1287, 1295, 1296, 1298, 1300, 1303, 1305, 1306, 1312, 1315, 1318, 1320, 1322, 1331, 1339, 1341, 1348, 1350, 1351, 1352, 1355, 1356, 1358, 1359, 1363, 1364, 1365, 1366, 1368, 1369, 1371, 1373, 1374, 1375, 1380, 1381, 1383, 1387, 1389, 1392, 1394, 1395, 1402, 1403, 1405, 1407, 1408, 1410, 1411, 1412, 1416, 1421, 1423, 1424, 1432, 1439, 1440, 1445, 1451, 1453, 1454, 1458, 1460, 1462, 1463, 1465, 1470, 1474, 1482, 1484, 1485, 1487, 1491, 1497, 1501, 1502, 1503, 1510, 1516, 1517, 1527, 1529, 1530, 1537, 1545, 1547, 1550, 1551, 1555, 1557, 1560, 1564, 1565, 1570, 1571, 1573, 1583, 1585, 1593, 1597, 1599, 1602, 1611, 1612, 1618, 1621, 1622, 1623, 1629, 1630, 1631, 1632, 1635, 1637, 1638, 1643, 1648, 1649, 1658, 1659, 1662, 1663, 1672, 1675, 1676, 1677, 1681, 1682, 1685, 1687, 1691, 1698, 1702, 1704, 1705, 1707, 1709, 1715, 1720, 1727, 1730, 1734, 1735, 1736, 1744, 1746, 1753, 1756, 1759, 1763, 1767, 1770, 1771, 1772, 1773, 1776, 1779, 1781, 1782, 1784, 1785, 1788, 1790, 1792, 1793, 1798, 1799, 1807, 1808, 1812, 1814, 1817, 1821, 1823, 1824, 1825, 1828, 1833, 1840, 1844, 1845, 1846, 1848, 1855, 1857, 1858, 1868, 1870, 1871, 1874, 1878, 1880, 1881, 1882, 1883, 1884, 1885, 1895, 1897, 1898, 1899, 1905, 1906, 1911, 1916, 1917, 1925, 1927, 1930, 1931, 1938, 1939, 1944, 1947, 1948, 1953, 1955, 1956, 1958, 1965, 1966, 1972, 1974, 1975, 1978, 1980, 1982, 1985, 1986, 1988, 1994, 1995, 1996]
Packed_weights: [945, 858, 884, 1009, 856, 1010, 1083, 911, 1003, 830, 999, 1014, 1067, 966, 906, 820, 925, 968, 971, 1068, 904, 1033, 807, 915, 1064, 858, 977, 1024, 943, 999, 1024, 806, 912, 950, 996, 1050, 1097, 1017, 894, 946, 832, 895, 916, 798, 1011, 1081, 1062, 901, 1037, 1089, 832, 939, 1019, 1067, 946, 938, 842, 1054, 1047, 816, 976, 802, 856, 984, 910, 976, 913, 1100, 826, 1087, 818, 923, 974, 1079, 954, 893, 962, 972, 1047, 1039, 1010, 850, 802, 813, 1003, 890, 819, 1082, 1009, 941, 1077, 800, 835, 995, 1020, 1075, 850, 1089, 878, 964, 803, 1004, 1048, 1089, 1083, 978, 1018, 1063, 1000, 919, 885, 943, 819, 908, 969, 944, 1069, 1002, 906, 858, 1091, 847, 1006, 926, 892, 952, 899, 960, 1043, 911, 930, 964, 818, 1087, 877, 982, 889, 1012, 900, 1017, 973, 911, 886, 883, 857, 890, 1035, 1002, 1045, 920, 989, 880, 799, 1023, 1036, 874, 835, 787, 1020, 1063, 823, 1075, 920, 994, 1039, 960, 1060, 1067, 1038, 1059, 1093, 998, 1046, 905, 855, 841, 1049, 829, 1051, 897, 789, 896, 868, 1038, 799, 869, 807, 861, 862, 1085, 984, 856, 1009, 893, 1020, 879, 889, 798, 795, 846, 989, 968, 787, 842, 1100, 974, 800, 828, 852, 998, 809, 1011, 890, 907, 1041, 805, 978, 1057, 1055, 1030, 1035, 805, 887, 1071, 1022, 983, 895, 836, 960, 813, 1035, 825, 910, 1079, 866, 1020, 855, 930, 972, 1035, 884, 833, 837, 842, 960, 838, 804, 932, 910, 1076, 866, 882, 875, 796, 833, 917, 860, 1001, 934, 1054, 948, 804, 922, 886, 827, 1062, 826, 833, 1073, 993, 1087, 848, 836, 787, 1022, 969, 833, 941, 921, 907, 888, 1028, 906, 833, 1033, 836, 1001, 1078, 873, 787, 822, 840, 876, 1079, 1072, 1069, 1025, 821, 1017, 1000, 848, 917, 1053, 883, 1088, 1030, 1049, 1047, 919, 879, 848, 1050, 897, 855, 1091, 818, 1047, 1091, 883, 892, 945, 851, 1024, 1050, 905, 1042, 831, 992, 1045, 1027, 845, 907, 805, 1059, 1024, 1028, 1041, 982, 874, 863, 876, 981, 930, 811, 1029, 946, 1046, 1006, 1085, 865, 865, 924, 845, 1050, 914, 801, 1036, 1099, 1001, 858, 918, 921, 913, 934, 1088, 962, 834, 986, 868, 812, 936, 1002, 857, 904, 903, 972, 963, 891, 959, 927, 1056, 1010, 1021, 979, 1046, 988, 979, 977, 1031, 902, 1100, 925, 878, 879, 1014, 1067, 936, 1098, 986, 899, 1065, 978, 814, 971, 1025, 814, 1097, 1034, 867, 854, 1058, 828, 811, 878, 919, 982, 836, 817, 1063, 955, 964, 1000, 796, 1013, 1085, 844, 981, 1093, 1049, 1065, 1096, 913, 805, 1036, 797, 1082, 789, 894, 993, 918, 876, 1023, 928, 957, 1021, 928, 950, 979, 809, 986, 1017, 1030, 934, 953, 932, 1054, 912, 965, 923, 963, 856, 791, 1032, 975, 939, 1047, 859, 1036, 843, 981, 879, 1016, 867, 1094, 967, 1056, 1081, 1077, 991, 1068, 1085, 898, 1035, 842, 997, 947, 1029, 908, 866, 804, 928, 1046, 815, 793, 1012, 994, 922, 1036, 824, 865, 1030, 1069, 1047, 971, 906, 866, 888, 902, 1062, 988, 824, 1024, 813, 999, 1005, 944, 962, 858, 1089, 986, 946, 855, 852, 1054, 993, 805, 954, 974, 1097, 1071, 858, 846, 868, 1068, 964, 939, 925, 1094, 830, 1063, 862, 986, 904, 925, 963, 1096, 891, 962, 882, 808, 1096, 794, 1062, 846, 1073, 1100, 953, 929, 1084, 870, 920, 807, 1051, 812, 1080, 1080, 1097, 799, 936, 971, 1080, 809, 950, 793, 886, 909, 908, 925, 1005, 1061, 854, 1037, 810, 955, 921, 984, 1044, 982, 1088, 968, 896, 842, 822, 890, 948, 926, 1062, 1084, 846, 827, 993, 955, 878, 862, 1064, 789, 835, 934, 909, 1014, 796, 858, 944, 908, 1001, 878, 927, 830, 1069, 894, 974, 1040, 1066, 912, 1091, 1029, 932, 923, 883, 800, 869]
Run time:180.03466629981995
--------------------------------------------
----------Test case: n05000------------
Total value = 1338091
Total weight: 1496591
Packed items: [0, 1, 6, 10, 13, 16, 17, 18, 19, 21, 22, 23, 28, 29, 31, 33, 36, 38, 42, 45, 49, 50, 55, 58, 60, 62, 76, 77, 78, 79, 80, 81, 84, 86, 87, 88, 90, 94, 95, 96, 101, 103, 106, 108, 111, 114, 123, 126, 130, 131, 143, 146, 147, 148, 151, 154, 166, 170, 175, 179, 182, 192, 196, 206, 207, 211, 212, 213, 215, 218, 219, 224, 226, 231, 233, 235, 240, 241, 246, 252, 253, 254, 256, 257, 259, 260, 269, 270, 275, 290, 292, 293, 296, 299, 300, 301, 304, 308, 319, 321, 325, 326, 327, 334, 341, 342, 346, 348, 357, 358, 359, 363, 364, 366, 367, 370, 375, 380, 382, 386, 387, 388, 389, 390, 394, 396, 399, 400, 407, 408, 411, 416, 421, 422, 425, 439, 441, 449, 451, 452, 453, 454, 456, 458, 460, 462, 464, 467, 469, 470, 475, 476, 477, 478, 484, 485, 488, 489, 492, 494, 495, 496, 503, 504, 506, 510, 516, 520, 522, 526, 527, 530, 534, 535, 536, 539, 549, 556, 560, 565, 566, 569, 570, 573, 577, 584, 588, 592, 595, 597, 599, 601, 610, 611, 614, 619, 630, 631, 636, 645, 650, 655, 659, 660, 661, 666, 667, 668, 669, 671, 678, 681, 684, 686, 688, 692, 704, 707, 712, 713, 714, 715, 718, 726, 728, 730, 734, 735, 747, 749, 752, 754, 757, 759, 760, 765, 767, 771, 772, 777, 778, 792, 794, 797, 799, 801, 805, 808, 811, 819, 826, 829, 830, 831, 833, 835, 836, 837, 841, 843, 852, 855, 858, 859, 860, 864, 865, 868, 875, 885, 887, 893, 894, 899, 900, 903, 908, 910, 913, 914, 917, 919, 920, 923, 930, 931, 933, 940, 946, 948, 949, 952, 954, 958, 962, 964, 968, 969, 973, 974, 976, 979, 980, 982, 984, 986, 990, 992, 997, 998, 1000, 1001, 1002, 1003, 1007, 1014, 1016, 1020, 1021, 1022, 1025, 1027, 1028, 1029, 1030, 1033, 1036, 1040, 1044, 1049, 1051, 1053, 1054, 1057, 1060, 1061, 1062, 1064, 1065, 1067, 1069, 1070, 1076, 1078, 1081, 1084, 1086, 1099, 1100, 1101, 1103, 1104, 1105, 1116, 1118, 1121, 1123, 1128, 1131, 1134, 1135, 1137, 1143, 1144, 1156, 1158, 1163, 1165, 1166, 1170, 1172, 1179, 1180, 1182, 1186, 1187, 1190, 1193, 1205, 1209, 1210, 1211, 1215, 1217, 1220, 1229, 1232, 1234, 1236, 1244, 1246, 1250, 1253, 1254, 1256, 1259, 1262, 1267, 1276, 1285, 1286, 1287, 1295, 1296, 1298, 1300, 1303, 1305, 1306, 1312, 1315, 1318, 1320, 1322, 1331, 1339, 1341, 1348, 1350, 1351, 1352, 1355, 1356, 1358, 1359, 1363, 1364, 1365, 1366, 1368, 1369, 1371, 1373, 1374, 1375, 1376, 1380, 1381, 1383, 1387, 1389, 1392, 1394, 1395, 1402, 1403, 1405, 1407, 1408, 1410, 1411, 1412, 1416, 1421, 1423, 1424, 1432, 1439, 1440, 1445, 1451, 1453, 1454, 1458, 1460, 1462, 1463, 1465, 1470, 1474, 1482, 1484, 1485, 1487, 1491, 1497, 1501, 1502, 1503, 1510, 1516, 1517, 1527, 1529, 1530, 1537, 1545, 1547, 1550, 1551, 1555, 1557, 1560, 1564, 1565, 1570, 1571, 1573, 1583, 1585, 1593, 1597, 1599, 1602, 1611, 1612, 1618, 1621, 1622, 1623, 1629, 1630, 1631, 1632, 1635, 1637, 1638, 1643, 1648, 1649, 1657, 1658, 1659, 1662, 1663, 1665, 1672, 1675, 1676, 1677, 1681, 1682, 1685, 1687, 1691, 1698, 1702, 1704, 1705, 1707, 1709, 1715, 1720, 1727, 1730, 1734, 1735, 1736, 1744, 1746, 1753, 1756, 1759, 1763, 1767, 1770, 1771, 1772, 1773, 1776, 1779, 1781, 1782, 1784, 1785, 1788, 1790, 1792, 1793, 1798, 1799, 1807, 1808, 1812, 1814, 1817, 1821, 1823, 1824, 1825, 1828, 1833, 1840, 1844, 1845, 1846, 1848, 1855, 1857, 1858, 1868, 1870, 1871, 1874, 1878, 1880, 1881, 1882, 1883, 1884, 1885, 1895, 1897, 1898, 1899, 1905, 1906, 1911, 1916, 1917, 1925, 1927, 1930, 1931, 1938, 1939, 1944, 1947, 1948, 1953, 1955, 1956, 1958, 1965, 1966, 1972, 1974, 1975, 1978, 1980, 1982, 1985, 1986, 1988, 1994, 1995, 1996, 2001, 2009, 2010, 2011, 2013, 2016, 2020, 2021, 2023, 2026, 2029, 2032, 2034, 2038, 2042, 2043, 2044, 2045, 2046, 2048, 2049, 2050, 2052, 2054, 2056, 2063, 2067, 2068, 2070, 2074, 2077, 2082, 2084, 2085, 2086, 2088, 2089, 2091, 2094, 2095, 2103, 2107, 2108, 2110, 2113, 2132, 2144, 2146, 2147, 2148, 2151, 2154, 2167, 2171, 2172, 2177, 2178, 2180, 2181, 2184, 2186, 2190, 2192, 2193, 2194, 2196, 2200, 2202, 2209, 2211, 2212, 2213, 2219, 2222, 2224, 2226, 2229, 2237, 2239, 2245, 2249, 2250, 2252, 2255, 2256, 2260, 2261, 2265, 2266, 2267, 2269, 2270, 2273, 2278, 2279, 2280, 2285, 2286, 2287, 2289, 2292, 2299, 2302, 2304, 2306, 2311, 2313, 2314, 2315, 2316, 2317, 2318, 2331, 2334, 2340, 2345, 2346, 2348, 2349, 2350, 2353, 2355, 2362, 2363, 2366, 2380, 2386, 2391, 2401, 2406, 2409, 2417, 2420, 2422, 2423, 2431, 2437, 2441, 2443, 2445, 2448, 2455, 2462, 2464, 2466, 2467, 2472, 2476, 2482, 2483, 2488, 2490, 2496, 2500, 2501, 2507, 2509, 2510, 2512, 2520, 2523, 2526, 2527, 2530, 2531, 2532, 2534, 2535, 2541, 2548, 2565, 2569, 2570, 2575, 2577, 2581, 2582, 2584, 2586, 2589, 2593, 2595, 2601, 2610, 2617, 2621, 2624, 2625, 2628, 2630, 2631, 2635, 2637, 2652, 2654, 2659, 2660, 2661, 2662, 2666, 2667, 2671, 2672, 2676, 2677, 2679, 2680, 2686, 2691, 2693, 2694, 2695, 2701, 2702, 2705, 2706, 2707, 2709, 2710, 2717, 2718, 2720, 2728, 2729, 2730, 2731, 2732, 2738, 2750, 2754, 2759, 2760, 2765, 2768, 2771, 2773, 2776, 2781, 2783, 2787, 2790, 2796, 2797, 2801, 2803, 2806, 2808, 2809, 2812, 2815, 2819, 2824, 2826, 2827, 2828, 2831, 2833, 2835, 2838, 2845, 2846, 2853, 2854, 2855, 2858, 2860, 2862, 2869, 2870, 2871, 2872, 2873, 2878, 2881, 2882, 2884, 2885, 2886, 2891, 2892, 2893, 2894, 2896, 2897, 2904, 2910, 2914, 2916, 2917, 2923, 2925, 2929, 2930, 2931, 2933, 2934, 2936, 2937, 2939, 2941, 2946, 2947, 2948, 2952, 2953, 2955, 2956, 2961, 2972, 2976, 2977, 2978, 2979, 2982, 2983, 2986, 2987, 2991, 2992, 3001, 3004, 3007, 3009, 3010, 3012, 3013, 3014, 3015, 3020, 3022, 3025, 3040, 3044, 3046, 3055, 3057, 3058, 3065, 3068, 3069, 3070, 3080, 3083, 3085, 3086, 3094, 3095, 3096, 3102, 3106, 3112, 3114, 3115, 3117, 3118, 3122, 3125, 3128, 3130, 3131, 3135, 3136, 3141, 3143, 3146, 3152, 3165, 3174, 3176, 3181, 3183, 3184, 3189, 3191, 3193, 3195, 3196, 3197, 3207, 3209, 3210, 3212, 3215, 3216, 3220, 3225, 3231, 3233, 3235, 3239, 3240, 3241, 3243, 3245, 3247, 3249, 3251, 3253, 3256, 3259, 3262, 3264, 3266, 3274, 3281, 3283, 3284, 3286, 3288, 3291, 3293, 3297, 3298, 3299, 3305, 3308, 3310, 3312, 3314, 3315, 3316, 3318, 3319, 3320, 3321, 3322, 3327, 3328, 3330, 3336, 3339, 3340, 3341, 3344, 3345, 3346, 3347, 3351, 3353, 3356, 3360, 3361, 3364, 3370, 3372, 3374, 3375, 3376, 3381, 3382, 3384, 3388, 3390, 3391, 3396, 3397, 3398, 3400, 3401, 3402, 3403, 3409, 3410, 3411, 3412, 3413, 3414, 3418, 3430, 3434, 3435, 3438, 3439, 3444, 3445, 3450, 3451, 3453, 3458, 3468, 3471, 3473, 3479, 3480, 3486, 3493, 3501, 3502, 3503, 3504, 3506, 3507, 3513, 3514, 3520, 3529, 3532, 3538, 3539, 3540, 3541, 3545, 3549, 3550, 3555, 3561, 3562, 3568, 3572, 3577, 3579, 3580, 3584, 3585, 3587, 3589, 3593, 3595, 3600, 3603, 3607, 3615, 3616, 3617, 3618, 3619, 3622, 3625, 3628, 3636, 3637, 3645, 3646, 3647, 3651, 3652, 3654, 3657, 3659, 3663, 3664, 3665, 3666, 3671, 3672, 3681, 3684, 3687, 3689, 3693, 3695, 3701, 3711, 3713, 3715, 3716, 3718, 3720, 3723, 3724, 3726, 3727, 3729, 3731, 3740, 3748, 3749, 3755, 3758, 3761, 3762, 3764, 3765, 3771, 3772, 3773, 3774, 3775, 3776, 3777, 3783, 3788, 3791, 3793, 3795, 3800, 3811, 3812, 3815, 3819, 3823, 3832, 3833, 3836, 3837, 3838, 3839, 3841, 3848, 3852, 3853, 3858, 3860, 3861, 3868, 3877, 3881, 3883, 3886, 3887, 3889, 3897, 3898, 3902, 3903, 3904, 3906, 3910, 3911, 3912, 3919, 3920, 3922, 3924, 3926, 3931, 3933, 3937, 3939, 3951, 3955, 3958, 3970, 3972, 3973, 3974, 3976, 3978, 3981, 3982, 3989, 3993, 3997, 3998, 4000, 4005, 4008, 4010, 4013, 4017, 4020, 4021, 4023, 4024, 4025, 4027, 4028, 4030, 4032, 4034, 4036, 4040, 4042, 4043, 4044, 4045, 4047, 4049, 4050, 4053, 4060, 4064, 4069, 4085, 4090, 4091, 4093, 4094, 4100, 4102, 4103, 4104, 4106, 4107, 4114, 4115, 4119, 4123, 4124, 4128, 4130, 4132, 4136, 4137, 4139, 4141, 4142, 4143, 4148, 4156, 4158, 4159, 4166, 4181, 4184, 4191, 4194, 4197, 4198, 4203, 4205, 4207, 4215, 4218, 4226, 4230, 4231, 4249, 4252, 4253, 4255, 4258, 4261, 4263, 4264, 4265, 4271, 4275, 4279, 4280, 4282, 4286, 4287, 4288, 4289, 4293, 4296, 4297, 4301, 4305, 4307, 4308, 4313, 4317, 4319, 4328, 4332, 4339, 4344, 4345, 4352, 4362, 4364, 4368, 4369, 4373, 4375, 4376, 4377, 4378, 4379, 4381, 4388, 4391, 4392, 4393, 4394, 4401, 4402, 4403, 4405, 4413, 4422, 4424, 4428, 4430, 4438, 4439, 4443, 4447, 4451, 4452, 4454, 4458, 4459, 4463, 4472, 4477, 4486, 4488, 4490, 4493, 4494, 4505, 4506, 4512, 4520, 4522, 4523, 4529, 4534, 4538, 4540, 4542, 4547, 4553, 4558, 4559, 4564, 4565, 4569, 4570, 4578, 4579, 4581, 4582, 4589, 4592, 4595, 4601, 4607, 4608, 4609, 4612, 4623, 4624, 4628, 4631, 4633, 4634, 4635, 4637, 4646, 4650, 4652, 4655, 4660, 4662, 4666, 4668, 4669, 4670, 4674, 4677, 4679, 4685, 4686, 4689, 4690, 4692, 4701, 4703, 4705, 4710, 4712, 4713, 4714, 4716, 4718, 4719, 4721, 4722, 4723, 4725, 4726, 4730, 4736, 4738, 4744, 4747, 4748, 4755, 4756, 4763, 4766, 4767, 4768, 4771, 4785, 4789, 4790, 4795, 4798, 4806, 4807, 4810, 4817, 4820, 4828, 4830, 4831, 4832, 4839, 4844, 4845, 4847, 4848, 4853, 4854, 4855, 4856, 4857, 4858, 4860, 4862, 4863, 4864, 4870, 4872, 4873, 4877, 4879, 4881, 4882, 4885, 4889, 4892, 4893, 4895, 4902, 4905, 4906, 4909, 4913, 4917, 4918, 4920, 4921, 4923, 4924, 4928, 4931, 4936, 4939, 4940, 4948, 4958, 4964, 4965, 4969, 4972, 4982, 4986, 4995, 4996, 4997, 4998, 4999]
Packed_weights: [945, 858, 884, 1009, 856, 1010, 1083, 911, 1003, 830, 999, 784, 1014, 1067, 966, 906, 820, 925, 968, 971, 1068, 904, 1033, 807, 915, 1064, 858, 977, 1024, 943, 999, 1024, 806, 912, 950, 996, 1050, 1097, 1017, 894, 946, 832, 895, 916, 798, 1011, 1081, 1062, 901, 1037, 1089, 832, 939, 1019, 1067, 946, 938, 842, 1054, 1047, 816, 976, 802, 856, 984, 910, 976, 913, 1100, 826, 1087, 818, 923, 974, 1079, 954, 893, 962, 972, 1047, 1039, 1010, 850, 802, 813, 1003, 890, 819, 1082, 1009, 941, 1077, 800, 835, 995, 1020, 1075, 850, 1089, 878, 964, 803, 1004, 1048, 1089, 1083, 978, 1018, 1063, 1000, 919, 885, 943, 819, 908, 969, 944, 1069, 1002, 906, 858, 1091, 847, 1006, 926, 892, 952, 899, 960, 1043, 911, 930, 964, 818, 1087, 877, 982, 889, 1012, 900, 1017, 973, 911, 886, 883, 857, 890, 1035, 1002, 1045, 920, 989, 880, 799, 1023, 1036, 874, 835, 787, 1020, 1063, 823, 1075, 920, 994, 1039, 960, 1060, 1067, 1038, 1059, 1093, 998, 1046, 905, 855, 841, 1049, 829, 1051, 897, 789, 896, 868, 1038, 799, 869, 807, 861, 862, 1085, 984, 856, 1009, 893, 1020, 879, 889, 798, 795, 846, 989, 968, 787, 842, 1100, 974, 800, 828, 852, 998, 809, 1011, 890, 907, 1041, 805, 978, 1057, 1055, 1030, 1035, 805, 887, 1071, 1022, 983, 895, 836, 960, 813, 1035, 825, 910, 1079, 866, 1020, 855, 930, 972, 1035, 884, 833, 837, 842, 960, 838, 804, 932, 910, 1076, 866, 882, 875, 796, 833, 917, 860, 1001, 934, 1054, 948, 804, 922, 886, 827, 1062, 826, 833, 1073, 993, 1087, 848, 836, 787, 1022, 969, 833, 941, 921, 907, 888, 784, 1028, 906, 833, 1033, 836, 1001, 1078, 873, 787, 822, 840, 876, 787, 1079, 1072, 1069, 1025, 821, 1017, 1000, 848, 917, 1053, 883, 1088, 1030, 1049, 1047, 919, 879, 848, 1050, 897, 855, 1091, 818, 1047, 1091, 883, 892, 945, 851, 1024, 1050, 905, 1042, 831, 992, 1045, 1027, 845, 907, 805, 1059, 1024, 1028, 1041, 982, 874, 863, 876, 981, 930, 811, 1029, 946, 1046, 1006, 1085, 865, 865, 924, 845, 1050, 914, 801, 1036, 1099, 1001, 858, 918, 921, 913, 934, 1088, 962, 834, 986, 868, 812, 936, 1002, 857, 904, 903, 972, 963, 891, 959, 927, 1056, 1010, 1021, 979, 1046, 988, 979, 977, 1031, 902, 1100, 925, 878, 879, 1014, 1067, 936, 1098, 986, 899, 1065, 978, 814, 971, 1025, 814, 1097, 1034, 867, 854, 1058, 828, 811, 878, 919, 982, 836, 817, 1063, 955, 964, 1000, 796, 1013, 1085, 844, 981, 1093, 1049, 1065, 1096, 913, 784, 805, 1036, 797, 1082, 789, 894, 993, 918, 876, 1023, 928, 957, 1021, 928, 950, 979, 809, 986, 1017, 1030, 934, 953, 932, 1054, 912, 965, 923, 963, 856, 791, 1032, 975, 939, 1047, 859, 1036, 843, 981, 879, 1016, 867, 1094, 967, 1056, 1081, 1077, 991, 1068, 1085, 898, 1035, 842, 997, 947, 1029, 908, 866, 804, 928, 1046, 815, 793, 1012, 994, 922, 1036, 824, 865, 1030, 1069, 1047, 971, 906, 866, 888, 902, 1062, 988, 824, 1024, 813, 999, 1005, 944, 785, 962, 858, 1089, 986, 786, 946, 855, 852, 1054, 993, 805, 954, 974, 1097, 1071, 858, 846, 868, 1068, 964, 939, 925, 1094, 830, 1063, 862, 986, 904, 925, 963, 1096, 891, 962, 882, 808, 1096, 794, 1062, 846, 1073, 1100, 953, 929, 1084, 870, 920, 807, 1051, 812, 1080, 1080, 1097, 799, 936, 971, 1080, 809, 950, 793, 886, 909, 908, 925, 1005, 1061, 854, 1037, 810, 955, 921, 984, 1044, 982, 1088, 968, 896, 842, 822, 890, 948, 926, 1062, 1084, 846, 827, 993, 955, 878, 862, 1064, 789, 835, 934, 909, 1014, 796, 858, 944, 908, 1001, 878, 927, 830, 1069, 894, 974, 1040, 1066, 912, 1091, 1029, 932, 923, 883, 800, 869, 1021, 1041, 962, 1006, 998, 1031, 1017, 1026, 815, 1080, 1078, 996, 905, 815, 1024, 867, 787, 913, 875, 874, 939, 847, 787, 865, 886, 876, 1078, 986, 920, 1087, 1020, 804, 993, 1056, 1086, 937, 979, 1042, 1056, 931, 874, 873, 933, 1039, 841, 929, 827, 915, 844, 1005, 878, 1078, 1043, 1015, 1047, 843, 988, 948, 885, 839, 1098, 979, 1014, 808, 1099, 1077, 1079, 966, 1063, 966, 985, 1043, 860, 811, 1022, 792, 810, 831, 1057, 789, 1036, 974, 964, 1084, 863, 1000, 953, 827, 1096, 891, 1090, 955, 833, 889, 924, 831, 993, 1043, 1023, 965, 1009, 835, 999, 1075, 971, 916, 999, 800, 953, 967, 892, 837, 982, 834, 1070, 1055, 1009, 953, 816, 1018, 997, 862, 963, 836, 810, 850, 988, 1025, 901, 869, 1075, 936, 821, 815, 978, 1022, 840, 825, 912, 1095, 826, 931, 1042, 1017, 1037, 940, 1027, 961, 803, 893, 828, 1055, 867, 864, 922, 881, 1092, 809, 1080, 877, 973, 975, 866, 1080, 811, 816, 1089, 1025, 1004, 877, 1051, 809, 961, 1021, 880, 862, 1013, 788, 950, 1087, 1050, 801, 941, 854, 1038, 825, 879, 989, 841, 937, 785, 930, 805, 907, 1071, 953, 838, 981, 818, 980, 1001, 889, 803, 830, 919, 917, 1052, 1054, 1093, 820, 794, 1041, 844, 840, 932, 967, 870, 804, 802, 862, 872, 1072, 1069, 815, 1074, 1092, 934, 1014, 922, 1044, 1088, 1019, 1058, 996, 915, 898, 920, 929, 1034, 977, 1026, 975, 968, 1048, 896, 878, 921, 1035, 818, 988, 950, 980, 830, 1095, 997, 799, 1009, 794, 878, 841, 793, 1066, 918, 973, 914, 1086, 894, 900, 870, 1058, 875, 1091, 1067, 900, 1020, 1081, 823, 1096, 1089, 1033, 961, 809, 1027, 923, 914, 990, 1067, 854, 991, 922, 872, 1002, 823, 834, 1001, 825, 1021, 865, 969, 849, 1100, 928, 837, 1033, 1009, 1012, 849, 1003, 1038, 832, 862, 823, 1066, 899, 813, 910, 1049, 845, 804, 889, 1034, 795, 883, 946, 810, 824, 1092, 876, 996, 995, 1034, 982, 1097, 871, 987, 910, 862, 911, 1076, 805, 904, 814, 859, 956, 965, 813, 996, 997, 807, 935, 848, 926, 1003, 803, 865, 993, 825, 1002, 836, 970, 898, 1098, 1030, 1016, 852, 961, 934, 971, 897, 838, 839, 907, 972, 1008, 866, 859, 832, 995, 837, 986, 838, 876, 1032, 992, 987, 971, 995, 797, 1010, 840, 957, 913, 1068, 1052, 1041, 970, 941, 955, 1037, 944, 838, 847, 1040, 991, 940, 1004, 1041, 1025, 893, 811, 855, 985, 903, 1027, 972, 1079, 1044, 912, 957, 835, 1100, 844, 945, 794, 892, 920, 1006, 912, 919, 1008, 952, 1052, 908, 857, 964, 970, 1024, 1060, 1033, 914, 1005, 1071, 894, 1071, 974, 946, 977, 837, 814, 955, 1055, 827, 909, 1047, 1099, 928, 966, 1053, 924, 924, 1027, 843, 1086, 817, 895, 873, 911, 975, 1092, 891, 984, 995, 892, 1063, 927, 824, 938, 919, 913, 835, 966, 917, 1024, 912, 938, 858, 908, 857, 1075, 958, 893, 886, 914, 1019, 829, 890, 866, 880, 962, 875, 852, 795, 1096, 798, 931, 1062, 1004, 905, 1069, 898, 947, 840, 1041, 949, 790, 901, 990, 1087, 866, 922, 790, 1042, 1047, 1063, 1081, 1010, 842, 876, 1050, 981, 1072, 835, 993, 1071, 799, 1034, 982, 1026, 811, 823, 845, 1003, 904, 809, 1089, 1048, 1065, 894, 955, 936, 1014, 864, 1013, 966, 1092, 1011, 868, 965, 891, 837, 1086, 870, 1026, 944, 827, 1062, 804, 858, 1026, 838, 922, 1075, 1063, 788, 817, 967, 844, 910, 942, 1096, 1037, 1007, 958, 885, 1045, 859, 785, 849, 1069, 788, 1067, 1025, 858, 919, 930, 909, 932, 999, 975, 965, 936, 797, 796, 838, 927, 808, 1072, 840, 834, 1073, 816, 950, 837, 959, 867, 1047, 1074, 895, 1035, 1047, 879, 865, 1020, 870, 1087, 1048, 900, 1039, 1024, 956, 897, 920, 1069, 1080, 942, 1096, 790, 972, 1044, 942, 931, 968, 1005, 889, 965, 796, 963, 1060, 952, 1048, 871, 1002, 925, 970, 1056, 993, 924, 818, 845, 928, 898, 1097, 943, 908, 1047, 793, 1042, 1008, 843, 964, 974, 1098, 1045, 902, 973, 971, 988, 907, 911, 1076, 934, 908, 1044, 814, 1000, 1020, 795, 1035, 855, 1074, 949, 958, 888, 1062, 854, 982, 964, 1098, 1006, 1093, 888, 889, 815, 905, 933, 899, 960, 970, 1080, 916, 832, 895, 1001, 896, 847, 935, 855, 1035, 974, 1099, 973, 913, 798, 801, 842, 909, 903, 943, 1025, 1063, 963, 844, 1084, 931, 944, 1043, 894, 968, 964, 1085, 909, 912, 887, 822, 1025, 960, 851, 818, 908, 1071, 964, 935, 961, 812, 835, 838, 1058, 1090, 997, 988, 1058, 936, 814, 850, 1011, 1026, 967, 959, 856, 913, 1054, 924, 840, 992, 1033, 811, 968, 1059, 1074, 901, 1036, 934, 824, 820, 1028, 796, 792, 975, 860, 1090, 857, 882, 885, 811, 992, 903, 958, 841, 873, 922, 1090, 978, 833, 868, 896, 1030, 822, 785, 853, 1082, 790, 989, 830, 973, 868, 791, 1001, 802, 871, 1041, 863, 1080, 992, 1008, 964, 868, 1034, 826, 948, 1081, 947, 978, 977, 1058, 1066, 1041, 833, 853, 928, 836, 1043, 1071, 863, 1002, 1077, 889, 1018, 1042, 900, 998, 941, 1057, 875, 1063, 1014, 1068, 995, 968, 819, 798, 1001, 895, 914, 986, 830, 951, 920, 893, 953, 948, 887, 868, 1068, 1083, 1031, 804, 797, 813, 896, 795, 951, 834, 794, 808, 1051, 1021, 970, 1029, 981, 939, 852, 914, 821, 864, 1071, 1030, 837, 1049, 1075, 879, 978, 792, 886, 801, 1022, 1016, 1097, 873, 954, 909, 890, 943, 918, 860, 1026, 961, 1085, 1036, 832, 1032, 796, 1071, 916, 852, 944, 825, 1047, 1090, 936, 1090, 1067, 952, 1061, 993, 958, 849, 1074, 1000, 1051, 785, 900, 830, 1074, 1079, 1042, 840, 1082, 1094]
Run time:180.01318740844727
--------------------------------------------
----------Test case: n10000------------
Total value = 2659258
Total weight: 2975558
Packed items: [0, 1, 6, 10, 13, 16, 17, 18, 19, 21, 22, 23, 28, 29, 31, 33, 36, 38, 42, 45, 49, 50, 55, 58, 60, 62, 76, 77, 78, 79, 80, 81, 84, 86, 87, 88, 90, 94, 95, 96, 101, 103, 106, 108, 111, 114, 123, 126, 130, 131, 143, 146, 147, 148, 151, 154, 166, 170, 175, 179, 182, 192, 196, 206, 207, 211, 212, 213, 215, 218, 219, 224, 226, 231, 233, 235, 240, 241, 246, 252, 253, 254, 256, 257, 259, 260, 269, 270, 275, 290, 292, 293, 296, 299, 300, 301, 304, 308, 319, 321, 325, 326, 327, 334, 341, 342, 346, 348, 357, 358, 359, 363, 364, 366, 367, 370, 375, 380, 382, 386, 387, 388, 389, 390, 394, 396, 399, 400, 407, 408, 411, 416, 421, 422, 425, 439, 441, 449, 451, 452, 453, 454, 456, 458, 460, 462, 464, 467, 469, 470, 475, 476, 477, 478, 484, 485, 488, 489, 492, 494, 495, 496, 503, 504, 506, 510, 516, 520, 522, 526, 527, 530, 534, 535, 536, 539, 549, 556, 560, 565, 566, 569, 570, 573, 577, 584, 588, 592, 595, 597, 599, 601, 610, 611, 614, 619, 630, 631, 636, 645, 650, 655, 659, 660, 661, 666, 667, 668, 669, 671, 678, 681, 684, 686, 688, 692, 704, 707, 712, 713, 714, 715, 718, 726, 728, 730, 734, 735, 747, 749, 752, 754, 757, 759, 760, 765, 767, 771, 772, 777, 778, 792, 794, 797, 799, 801, 805, 808, 811, 819, 826, 829, 830, 831, 833, 835, 836, 837, 841, 843, 852, 855, 858, 859, 860, 864, 865, 868, 875, 885, 887, 893, 894, 899, 900, 903, 908, 910, 913, 914, 917, 919, 920, 923, 930, 931, 933, 940, 946, 948, 949, 952, 954, 958, 962, 964, 968, 969, 973, 974, 976, 979, 980, 982, 984, 986, 990, 992, 997, 998, 1000, 1001, 1002, 1003, 1007, 1014, 1016, 1020, 1021, 1022, 1025, 1027, 1028, 1029, 1030, 1033, 1036, 1040, 1044, 1049, 1051, 1053, 1054, 1057, 1060, 1061, 1062, 1064, 1065, 1067, 1069, 1070, 1076, 1078, 1081, 1084, 1086, 1099, 1100, 1101, 1103, 1104, 1105, 1116, 1118, 1121, 1123, 1128, 1131, 1134, 1135, 1137, 1143, 1144, 1156, 1158, 1163, 1165, 1166, 1170, 1172, 1179, 1180, 1182, 1186, 1187, 1190, 1193, 1205, 1209, 1210, 1211, 1215, 1217, 1220, 1229, 1232, 1234, 1236, 1244, 1246, 1250, 1253, 1254, 1256, 1259, 1262, 1267, 1276, 1285, 1286, 1287, 1295, 1296, 1298, 1300, 1303, 1305, 1306, 1312, 1315, 1318, 1320, 1322, 1331, 1339, 1341, 1348, 1350, 1351, 1352, 1355, 1356, 1358, 1359, 1363, 1364, 1365, 1366, 1368, 1369, 1371, 1373, 1374, 1375, 1376, 1380, 1381, 1383, 1387, 1389, 1392, 1394, 1395, 1402, 1403, 1405, 1407, 1408, 1410, 1411, 1412, 1416, 1421, 1423, 1424, 1432, 1439, 1440, 1445, 1451, 1453, 1454, 1458, 1460, 1462, 1463, 1465, 1470, 1474, 1482, 1484, 1485, 1487, 1491, 1497, 1501, 1502, 1503, 1510, 1516, 1517, 1524, 1527, 1529, 1530, 1537, 1545, 1547, 1550, 1551, 1555, 1557, 1560, 1564, 1565, 1570, 1571, 1573, 1583, 1585, 1593, 1597, 1599, 1602, 1611, 1612, 1618, 1621, 1622, 1623, 1629, 1630, 1631, 1632, 1635, 1637, 1638, 1643, 1648, 1649, 1657, 1658, 1659, 1662, 1663, 1665, 1672, 1675, 1676, 1677, 1681, 1682, 1685, 1687, 1691, 1698, 1702, 1704, 1705, 1707, 1709, 1715, 1720, 1727, 1730, 1734, 1735, 1736, 1744, 1746, 1753, 1756, 1759, 1763, 1767, 1770, 1771, 1772, 1773, 1776, 1779, 1781, 1782, 1784, 1785, 1788, 1790, 1792, 1793, 1798, 1799, 1807, 1808, 1812, 1814, 1817, 1821, 1823, 1824, 1825, 1828, 1833, 1840, 1844, 1845, 1846, 1848, 1855, 1857, 1858, 1868, 1870, 1871, 1874, 1878, 1880, 1881, 1882, 1883, 1884, 1885, 1895, 1897, 1898, 1899, 1905, 1906, 1911, 1916, 1917, 1925, 1927, 1930, 1931, 1938, 1939, 1944, 1947, 1948, 1953, 1955, 1956, 1958, 1965, 1966, 1972, 1974, 1975, 1978, 1980, 1982, 1985, 1986, 1988, 1994, 1995, 1996, 2001, 2009, 2010, 2011, 2013, 2016, 2020, 2021, 2023, 2026, 2029, 2032, 2034, 2038, 2042, 2043, 2044, 2045, 2046, 2048, 2049, 2050, 2052, 2054, 2056, 2063, 2067, 2068, 2070, 2074, 2077, 2082, 2084, 2085, 2086, 2088, 2089, 2091, 2094, 2095, 2103, 2107, 2108, 2110, 2113, 2132, 2144, 2146, 2147, 2148, 2151, 2154, 2167, 2171, 2172, 2177, 2178, 2179, 2180, 2181, 2184, 2186, 2190, 2192, 2193, 2194, 2196, 2200, 2202, 2209, 2211, 2212, 2213, 2219, 2222, 2224, 2226, 2229, 2237, 2239, 2245, 2249, 2250, 2252, 2255, 2256, 2260, 2261, 2265, 2266, 2267, 2269, 2270, 2273, 2278, 2279, 2280, 2285, 2286, 2287, 2289, 2292, 2299, 2302, 2304, 2306, 2311, 2313, 2314, 2315, 2316, 2317, 2318, 2331, 2334, 2340, 2345, 2346, 2348, 2349, 2350, 2353, 2355, 2362, 2363, 2366, 2380, 2386, 2391, 2401, 2406, 2409, 2417, 2420, 2422, 2423, 2431, 2437, 2441, 2443, 2445, 2448, 2455, 2462, 2464, 2466, 2467, 2472, 2476, 2477, 2482, 2483, 2488, 2490, 2496, 2500, 2501, 2507, 2509, 2510, 2512, 2520, 2523, 2526, 2527, 2530, 2531, 2532, 2534, 2535, 2541, 2548, 2565, 2569, 2570, 2575, 2577, 2581, 2582, 2584, 2586, 2589, 2593, 2595, 2601, 2610, 2617, 2621, 2624, 2625, 2628, 2630, 2631, 2635, 2637, 2652, 2654, 2659, 2660, 2661, 2662, 2666, 2667, 2671, 2672, 2676, 2677, 2679, 2680, 2686, 2691, 2693, 2694, 2695, 2701, 2702, 2705, 2706, 2707, 2709, 2710, 2717, 2718, 2720, 2728, 2729, 2730, 2731, 2732, 2738, 2750, 2754, 2759, 2760, 2765, 2768, 2771, 2773, 2776, 2781, 2783, 2787, 2790, 2796, 2797, 2801, 2803, 2806, 2808, 2809, 2812, 2815, 2819, 2824, 2826, 2827, 2828, 2831, 2833, 2835, 2838, 2845, 2846, 2853, 2854, 2855, 2858, 2860, 2862, 2869, 2870, 2871, 2872, 2873, 2878, 2881, 2882, 2884, 2885, 2886, 2891, 2892, 2893, 2894, 2896, 2897, 2904, 2910, 2914, 2916, 2917, 2923, 2925, 2929, 2930, 2931, 2933, 2934, 2936, 2937, 2939, 2941, 2946, 2947, 2948, 2952, 2953, 2955, 2956, 2961, 2972, 2976, 2977, 2978, 2979, 2982, 2983, 2986, 2987, 2991, 2992, 3001, 3004, 3007, 3009, 3010, 3012, 3013, 3014, 3015, 3020, 3022, 3025, 3040, 3044, 3046, 3055, 3057, 3058, 3065, 3068, 3069, 3070, 3080, 3083, 3085, 3086, 3094, 3095, 3096, 3102, 3106, 3112, 3114, 3115, 3117, 3118, 3122, 3125, 3128, 3130, 3131, 3135, 3136, 3141, 3143, 3146, 3152, 3165, 3174, 3176, 3181, 3183, 3184, 3189, 3191, 3193, 3195, 3196, 3197, 3207, 3209, 3210, 3212, 3215, 3216, 3220, 3225, 3231, 3233, 3235, 3239, 3240, 3241, 3243, 3245, 3247, 3249, 3251, 3253, 3256, 3259, 3262, 3264, 3266, 3274, 3281, 3283, 3284, 3286, 3288, 3291, 3293, 3297, 3298, 3299, 3305, 3308, 3310, 3312, 3314, 3315, 3316, 3318, 3319, 3320, 3321, 3322, 3327, 3328, 3330, 3336, 3339, 3340, 3341, 3344, 3345, 3346, 3347, 3351, 3353, 3356, 3360, 3361, 3364, 3370, 3372, 3374, 3375, 3376, 3381, 3382, 3384, 3388, 3390, 3391, 3396, 3397, 3398, 3400, 3401, 3402, 3403, 3409, 3410, 3411, 3412, 3413, 3414, 3418, 3430, 3434, 3435, 3438, 3439, 3444, 3445, 3450, 3451, 3453, 3458, 3468, 3471, 3473, 3479, 3480, 3486, 3493, 3501, 3502, 3503, 3504, 3506, 3507, 3513, 3514, 3520, 3529, 3532, 3538, 3539, 3540, 3541, 3545, 3549, 3550, 3555, 3561, 3562, 3568, 3572, 3577, 3579, 3580, 3584, 3585, 3587, 3589, 3593, 3595, 3600, 3603, 3607, 3615, 3616, 3617, 3618, 3619, 3622, 3625, 3628, 3636, 3637, 3645, 3646, 3647, 3649, 3651, 3652, 3654, 3657, 3659, 3663, 3664, 3665, 3666, 3671, 3672, 3681, 3684, 3687, 3689, 3693, 3695, 3701, 3711, 3713, 3715, 3716, 3718, 3720, 3723, 3724, 3726, 3727, 3729, 3731, 3740, 3748, 3749, 3755, 3758, 3761, 3762, 3764, 3765, 3771, 3772, 3773, 3774, 3775, 3776, 3777, 3783, 3788, 3791, 3793, 3795, 3800, 3811, 3812, 3815, 3819, 3823, 3832, 3833, 3836, 3837, 3838, 3839, 3841, 3848, 3852, 3853, 3858, 3860, 3861, 3868, 3877, 3881, 3883, 3886, 3887, 3889, 3897, 3898, 3902, 3903, 3904, 3906, 3910, 3911, 3912, 3919, 3920, 3922, 3924, 3926, 3931, 3933, 3937, 3939, 3951, 3955, 3958, 3970, 3972, 3973, 3974, 3976, 3978, 3981, 3982, 3989, 3993, 3997, 3998, 4000, 4005, 4008, 4010, 4013, 4017, 4020, 4021, 4023, 4024, 4025, 4027, 4028, 4030, 4032, 4034, 4036, 4040, 4042, 4043, 4044, 4045, 4047, 4049, 4050, 4053, 4060, 4064, 4069, 4085, 4090, 4091, 4093, 4094, 4100, 4102, 4103, 4104, 4106, 4107, 4114, 4115, 4119, 4123, 4124, 4128, 4130, 4132, 4136, 4137, 4139, 4141, 4142, 4143, 4148, 4156, 4158, 4159, 4166, 4181, 4184, 4191, 4194, 4197, 4198, 4203, 4205, 4207, 4215, 4218, 4226, 4230, 4231, 4249, 4252, 4253, 4255, 4258, 4261, 4263, 4264, 4265, 4271, 4275, 4279, 4280, 4282, 4286, 4287, 4288, 4289, 4293, 4296, 4297, 4301, 4305, 4307, 4308, 4313, 4317, 4319, 4328, 4332, 4339, 4344, 4345, 4352, 4362, 4364, 4368, 4369, 4373, 4375, 4376, 4377, 4378, 4379, 4381, 4388, 4391, 4392, 4393, 4394, 4401, 4402, 4403, 4405, 4413, 4422, 4424, 4428, 4430, 4438, 4439, 4443, 4447, 4451, 4452, 4454, 4458, 4459, 4463, 4472, 4477, 4486, 4488, 4490, 4493, 4494, 4505, 4506, 4512, 4520, 4522, 4523, 4529, 4534, 4538, 4540, 4542, 4547, 4553, 4558, 4559, 4564, 4565, 4569, 4570, 4578, 4579, 4581, 4582, 4589, 4592, 4595, 4601, 4607, 4608, 4609, 4612, 4623, 4624, 4628, 4631, 4633, 4634, 4635, 4637, 4646, 4650, 4652, 4655, 4660, 4662, 4666, 4668, 4669, 4670, 4674, 4677, 4679, 4685, 4686, 4689, 4690, 4692, 4701, 4703, 4705, 4710, 4712, 4713, 4714, 4716, 4718, 4719, 4721, 4722, 4723, 4725, 4726, 4730, 4736, 4738, 4744, 4747, 4748, 4755, 4756, 4763, 4766, 4767, 4768, 4771, 4785, 4789, 4790, 4795, 4798, 4806, 4807, 4810, 4817, 4820, 4828, 4830, 4831, 4832, 4839, 4844, 4845, 4847, 4848, 4853, 4854, 4855, 4856, 4857, 4858, 4860, 4862, 4863, 4864, 4870, 4872, 4873, 4877, 4879, 4881, 4882, 4885, 4889, 4892, 4893, 4895, 4902, 4905, 4906, 4909, 4913, 4917, 4918, 4920, 4921, 4923, 4924, 4928, 4931, 4936, 4939, 4940, 4948, 4958, 4964, 4965, 4969, 4972, 4982, 4986, 4995, 4996, 4997, 4998, 4999, 5002, 5003, 5005, 5012, 5014, 5016, 5020, 5026, 5029, 5032, 5035, 5036, 5038, 5041, 5045, 5051, 5053, 5057, 5064, 5065, 5076, 5078, 5080, 5084, 5086, 5087, 5088, 5093, 5094, 5097, 5101, 5102, 5103, 5105, 5107, 5108, 5111, 5115, 5116, 5119, 5121, 5123, 5124, 5125, 5128, 5130, 5132, 5135, 5140, 5145, 5147, 5151, 5152, 5153, 5155, 5160, 5167, 5170, 5174, 5177, 5182, 5185, 5198, 5205, 5215, 5219, 5220, 5221, 5223, 5227, 5229, 5234, 5239, 5242, 5244, 5246, 5247, 5248, 5250, 5251, 5255, 5256, 5257, 5260, 5261, 5262, 5265, 5266, 5268, 5269, 5274, 5276, 5280, 5282, 5283, 5284, 5285, 5286, 5288, 5289, 5290, 5297, 5303, 5306, 5307, 5308, 5311, 5316, 5321, 5327, 5330, 5338, 5339, 5341, 5344, 5345, 5346, 5347, 5349, 5352, 5357, 5358, 5360, 5362, 5363, 5364, 5368, 5369, 5373, 5376, 5383, 5388, 5395, 5396, 5397, 5400, 5403, 5404, 5406, 5409, 5414, 5417, 5418, 5419, 5421, 5426, 5430, 5443, 5450, 5452, 5453, 5456, 5462, 5470, 5474, 5476, 5482, 5484, 5489, 5490, 5491, 5494, 5495, 5497, 5498, 5499, 5501, 5513, 5515, 5517, 5521, 5530, 5537, 5539, 5540, 5541, 5546, 5547, 5550, 5552, 5554, 5555, 5557, 5559, 5566, 5575, 5579, 5580, 5582, 5589, 5591, 5592, 5594, 5595, 5597, 5601, 5611, 5613, 5619, 5620, 5623, 5625, 5626, 5629, 5635, 5637, 5639, 5640, 5642, 5646, 5647, 5648, 5649, 5651, 5652, 5654, 5655, 5657, 5658, 5662, 5663, 5664, 5667, 5668, 5669, 5670, 5673, 5675, 5678, 5679, 5680, 5689, 5692, 5694, 5696, 5699, 5702, 5706, 5708, 5710, 5711, 5712, 5713, 5714, 5716, 5717, 5718, 5719, 5722, 5735, 5737, 5738, 5744, 5746, 5750, 5756, 5757, 5760, 5764, 5767, 5772, 5775, 5776, 5777, 5785, 5788, 5790, 5792, 5793, 5798, 5802, 5814, 5815, 5819, 5825, 5826, 5828, 5829, 5841, 5842, 5846, 5853, 5854, 5857, 5858, 5867, 5869, 5871, 5872, 5878, 5882, 5892, 5908, 5909, 5914, 5919, 5920, 5922, 5925, 5926, 5931, 5936, 5937, 5938, 5945, 5954, 5956, 5966, 5967, 5974, 5977, 5979, 5981, 5983, 5984, 5985, 5989, 5994, 6002, 6006, 6007, 6014, 6015, 6017, 6021, 6024, 6027, 6028, 6036, 6037, 6038, 6040, 6043, 6045, 6046, 6050, 6057, 6060, 6062, 6063, 6065, 6066, 6068, 6071, 6086, 6089, 6090, 6092, 6095, 6097, 6099, 6105, 6106, 6110, 6113, 6119, 6127, 6128, 6132, 6135, 6136, 6138, 6142, 6144, 6150, 6152, 6153, 6155, 6157, 6160, 6168, 6169, 6171, 6175, 6176, 6179, 6180, 6183, 6185, 6186, 6187, 6188, 6189, 6198, 6202, 6203, 6204, 6207, 6211, 6213, 6221, 6222, 6224, 6227, 6237, 6238, 6242, 6243, 6249, 6251, 6254, 6255, 6259, 6260, 6261, 6263, 6267, 6270, 6272, 6273, 6279, 6280, 6283, 6284, 6288, 6297, 6301, 6302, 6303, 6304, 6309, 6310, 6316, 6320, 6322, 6333, 6341, 6344, 6345, 6348, 6349, 6352, 6356, 6357, 6359, 6361, 6363, 6364, 6365, 6376, 6379, 6380, 6386, 6390, 6392, 6395, 6398, 6400, 6403, 6406, 6407, 6408, 6409, 6412, 6413, 6417, 6420, 6421, 6422, 6424, 6426, 6435, 6437, 6442, 6444, 6445, 6446, 6449, 6450, 6466, 6468, 6473, 6477, 6478, 6480, 6485, 6488, 6496, 6499, 6500, 6502, 6505, 6507, 6508, 6509, 6510, 6514, 6520, 6521, 6522, 6523, 6525, 6527, 6531, 6536, 6539, 6540, 6541, 6543, 6551, 6552, 6553, 6554, 6558, 6561, 6567, 6568, 6570, 6572, 6574, 6580, 6586, 6589, 6590, 6593, 6596, 6607, 6608, 6610, 6611, 6612, 6618, 6621, 6625, 6629, 6632, 6633, 6634, 6635, 6636, 6639, 6646, 6647, 6648, 6655, 6657, 6658, 6664, 6667, 6671, 6674, 6684, 6685, 6689, 6690, 6694, 6695, 6699, 6701, 6704, 6705, 6707, 6711, 6717, 6724, 6725, 6727, 6730, 6733, 6735, 6736, 6737, 6738, 6741, 6756, 6760, 6761, 6763, 6767, 6768, 6775, 6777, 6778, 6785, 6786, 6787, 6790, 6791, 6794, 6796, 6802, 6803, 6805, 6806, 6809, 6812, 6815, 6816, 6817, 6818, 6824, 6826, 6833, 6840, 6845, 6846, 6852, 6856, 6861, 6862, 6863, 6867, 6868, 6871, 6875, 6883, 6885, 6887, 6889, 6891, 6893, 6899, 6901, 6902, 6907, 6909, 6910, 6916, 6917, 6928, 6929, 6932, 6933, 6938, 6941, 6944, 6945, 6947, 6948, 6954, 6960, 6963, 6966, 6969, 6972, 6976, 6978, 6987, 6990, 6994, 6998, 7000, 7001, 7002, 7003, 7004, 7005, 7006, 7010, 7011, 7013, 7015, 7019, 7022, 7024, 7025, 7026, 7028, 7032, 7033, 7035, 7037, 7044, 7049, 7051, 7058, 7059, 7061, 7066, 7068, 7074, 7076, 7079, 7080, 7081, 7095, 7097, 7102, 7107, 7108, 7109, 7112, 7115, 7117, 7119, 7120, 7124, 7129, 7130, 7131, 7138, 7140, 7142, 7153, 7159, 7164, 7167, 7178, 7181, 7182, 7184, 7185, 7188, 7190, 7192, 7196, 7205, 7206, 7207, 7211, 7212, 7213, 7217, 7220, 7224, 7225, 7228, 7233, 7235, 7241, 7242, 7245, 7246, 7250, 7251, 7252, 7258, 7260, 7263, 7264, 7268, 7269, 7272, 7273, 7276, 7277, 7279, 7290, 7291, 7293, 7294, 7306, 7309, 7313, 7314, 7317, 7319, 7335, 7337, 7344, 7347, 7354, 7357, 7358, 7360, 7361, 7366, 7375, 7378, 7380, 7385, 7389, 7393, 7397, 7399, 7404, 7407, 7412, 7414, 7416, 7419, 7422, 7423, 7425, 7427, 7428, 7431, 7435, 7437, 7438, 7439, 7440, 7441, 7447, 7451, 7454, 7455, 7456, 7457, 7461, 7465, 7466, 7467, 7470, 7475, 7478, 7481, 7482, 7483, 7488, 7489, 7490, 7494, 7496, 7499, 7504, 7505, 7506, 7508, 7515, 7516, 7518, 7520, 7522, 7525, 7527, 7530, 7534, 7535, 7540, 7542, 7543, 7546, 7547, 7549, 7552, 7555, 7556, 7557, 7562, 7564, 7565, 7566, 7571, 7575, 7576, 7579, 7586, 7591, 7596, 7604, 7607, 7611, 7615, 7620, 7629, 7633, 7634, 7635, 7636, 7637, 7645, 7647, 7649, 7650, 7661, 7664, 7670, 7674, 7675, 7678, 7683, 7689, 7691, 7696, 7699, 7703, 7714, 7719, 7722, 7727, 7731, 7732, 7737, 7738, 7739, 7746, 7750, 7751, 7754, 7759, 7762, 7769, 7770, 7772, 7774, 7776, 7777, 7778, 7783, 7790, 7791, 7793, 7795, 7798, 7803, 7807, 7808, 7815, 7817, 7823, 7824, 7829, 7830, 7834, 7838, 7843, 7845, 7851, 7853, 7854, 7856, 7860, 7863, 7867, 7869, 7872, 7877, 7886, 7890, 7893, 7894, 7898, 7900, 7901, 7905, 7907, 7910, 7913, 7921, 7924, 7928, 7930, 7935, 7936, 7944, 7945, 7946, 7951, 7954, 7956, 7963, 7965, 7968, 7969, 7973, 7974, 7976, 7978, 7980, 7981, 7986, 7990, 8006, 8007, 8009, 8010, 8011, 8014, 8015, 8020, 8024, 8031, 8034, 8035, 8036, 8037, 8039, 8041, 8044, 8045, 8047, 8050, 8053, 8054, 8057, 8060, 8062, 8065, 8067, 8070, 8073, 8076, 8080, 8086, 8087, 8088, 8093, 8099, 8111, 8113, 8114, 8118, 8122, 8127, 8134, 8136, 8137, 8138, 8139, 8140, 8142, 8145, 8147, 8149, 8153, 8154, 8165, 8168, 8174, 8175, 8176, 8177, 8184, 8185, 8186, 8188, 8197, 8198, 8202, 8205, 8209, 8210, 8214, 8216, 8217, 8218, 8219, 8222, 8223, 8224, 8225, 8226, 8229, 8237, 8238, 8242, 8245, 8246, 8247, 8248, 8249, 8250, 8252, 8254, 8265, 8271, 8274, 8276, 8278, 8285, 8291, 8292, 8293, 8295, 8299, 8300, 8301, 8302, 8304, 8307, 8308, 8315, 8317, 8320, 8323, 8325, 8329, 8332, 8336, 8341, 8342, 8343, 8346, 8351, 8353, 8354, 8355, 8356, 8357, 8358, 8367, 8368, 8372, 8373, 8378, 8381, 8391, 8392, 8396, 8397, 8399, 8401, 8410, 8411, 8413, 8415, 8416, 8417, 8422, 8424, 8435, 8437, 8443, 8448, 8450, 8454, 8456, 8457, 8461, 8463, 8465, 8467, 8468, 8469, 8475, 8478, 8479, 8482, 8492, 8494, 8500, 8501, 8502, 8504, 8505, 8507, 8508, 8509, 8513, 8515, 8519, 8520, 8522, 8528, 8533, 8534, 8536, 8537, 8539, 8541, 8545, 8546, 8547, 8549, 8550, 8552, 8557, 8558, 8560, 8561, 8562, 8565, 8566, 8567, 8576, 8582, 8585, 8587, 8588, 8590, 8592, 8599, 8601, 8602, 8603, 8605, 8607, 8609, 8614, 8623, 8626, 8628, 8631, 8632, 8633, 8635, 8640, 8644, 8645, 8647, 8650, 8656, 8657, 8659, 8675, 8683, 8687, 8694, 8696, 8698, 8700, 8705, 8706, 8708, 8710, 8713, 8721, 8722, 8723, 8725, 8730, 8735, 8742, 8744, 8747, 8750, 8752, 8768, 8772, 8773, 8778, 8781, 8789, 8792, 8793, 8795, 8798, 8801, 8803, 8813, 8815, 8818, 8823, 8824, 8828, 8831, 8834, 8843, 8845, 8846, 8853, 8860, 8862, 8864, 8865, 8871, 8874, 8875, 8878, 8881, 8882, 8890, 8892, 8895, 8902, 8908, 8911, 8914, 8915, 8916, 8917, 8919, 8927, 8928, 8931, 8934, 8936, 8937, 8941, 8943, 8954, 8956, 8957, 8959, 8961, 8963, 8964, 8971, 8976, 8977, 8978, 8979, 8980, 8984, 8986, 8991, 8992, 8993, 8995, 8997, 8998, 9001, 9005, 9008, 9013, 9020, 9022, 9023, 9024, 9032, 9035, 9037, 9042, 9043, 9053, 9055, 9059, 9074, 9079, 9083, 9093, 9107, 9111, 9112, 9123, 9125, 9128, 9132, 9136, 9139, 9140, 9144, 9145, 9148, 9149, 9150, 9154, 9156, 9159, 9161, 9164, 9167, 9170, 9172, 9177, 9178, 9189, 9199, 9202, 9204, 9205, 9206, 9208, 9214, 9216, 9222, 9223, 9226, 9228, 9234, 9236, 9238, 9239, 9240, 9243, 9244, 9246, 9248, 9251, 9258, 9262, 9266, 9267, 9268, 9269, 9277, 9280, 9281, 9282, 9284, 9286, 9288, 9289, 9293, 9295, 9299, 9300, 9306, 9307, 9309, 9310, 9311, 9314, 9316, 9317, 9322, 9323, 9329, 9336, 9344, 9345, 9349, 9350, 9351, 9352, 9354, 9357, 9358, 9359, 9363, 9365, 9366, 9369, 9379, 9381, 9383, 9386, 9392, 9394, 9400, 9401, 9403, 9404, 9406, 9409, 9410, 9418, 9423, 9425, 9432, 9433, 9434, 9435, 9450, 9457, 9460, 9461, 9463, 9465, 9466, 9468, 9480, 9483, 9490, 9493, 9494, 9495, 9500, 9501, 9503, 9527, 9535, 9537, 9542, 9548, 9549, 9554, 9557, 9559, 9565, 9566, 9573, 9574, 9575, 9579, 9582, 9583, 9584, 9587, 9589, 9593, 9606, 9609, 9612, 9615, 9616, 9618, 9625, 9633, 9635, 9636, 9638, 9639, 9640, 9643, 9644, 9645, 9646, 9647, 9648, 9649, 9650, 9656, 9657, 9658, 9659, 9660, 9661, 9671, 9672, 9675, 9685, 9689, 9699, 9702, 9704, 9706, 9709, 9711, 9712, 9713, 9714, 9717, 9728, 9737, 9745, 9748, 9754, 9757, 9758, 9759, 9764, 9769, 9770, 9771, 9772, 9773, 9779, 9783, 9784, 9787, 9793, 9801, 9806, 9810, 9817, 9818, 9819, 9832, 9835, 9837, 9839, 9848, 9849, 9850, 9864, 9865, 9871, 9872, 9873, 9876, 9877, 9878, 9881, 9885, 9886, 9887, 9889, 9890, 9892, 9897, 9899, 9902, 9904, 9908, 9910, 9914, 9915, 9923, 9926, 9927, 9931, 9932, 9933, 9937, 9940, 9942, 9945, 9958, 9960, 9966, 9969, 9971, 9976, 9978, 9982, 9983, 9985, 9988, 9991, 9994, 9995, 9996]
Packed_weights: [945, 858, 884, 1009, 856, 1010, 1083, 911, 1003, 830, 999, 784, 1014, 1067, 966, 906, 820, 925, 968, 971, 1068, 904, 1033, 807, 915, 1064, 858, 977, 1024, 943, 999, 1024, 806, 912, 950, 996, 1050, 1097, 1017, 894, 946, 832, 895, 916, 798, 1011, 1081, 1062, 901, 1037, 1089, 832, 939, 1019, 1067, 946, 938, 842, 1054, 1047, 816, 976, 802, 856, 984, 910, 976, 913, 1100, 826, 1087, 818, 923, 974, 1079, 954, 893, 962, 972, 1047, 1039, 1010, 850, 802, 813, 1003, 890, 819, 1082, 1009, 941, 1077, 800, 835, 995, 1020, 1075, 850, 1089, 878, 964, 803, 1004, 1048, 1089, 1083, 978, 1018, 1063, 1000, 919, 885, 943, 819, 908, 969, 944, 1069, 1002, 906, 858, 1091, 847, 1006, 926, 892, 952, 899, 960, 1043, 911, 930, 964, 818, 1087, 877, 982, 889, 1012, 900, 1017, 973, 911, 886, 883, 857, 890, 1035, 1002, 1045, 920, 989, 880, 799, 1023, 1036, 874, 835, 787, 1020, 1063, 823, 1075, 920, 994, 1039, 960, 1060, 1067, 1038, 1059, 1093, 998, 1046, 905, 855, 841, 1049, 829, 1051, 897, 789, 896, 868, 1038, 799, 869, 807, 861, 862, 1085, 984, 856, 1009, 893, 1020, 879, 889, 798, 795, 846, 989, 968, 787, 842, 1100, 974, 800, 828, 852, 998, 809, 1011, 890, 907, 1041, 805, 978, 1057, 1055, 1030, 1035, 805, 887, 1071, 1022, 983, 895, 836, 960, 813, 1035, 825, 910, 1079, 866, 1020, 855, 930, 972, 1035, 884, 833, 837, 842, 960, 838, 804, 932, 910, 1076, 866, 882, 875, 796, 833, 917, 860, 1001, 934, 1054, 948, 804, 922, 886, 827, 1062, 826, 833, 1073, 993, 1087, 848, 836, 787, 1022, 969, 833, 941, 921, 907, 888, 784, 1028, 906, 833, 1033, 836, 1001, 1078, 873, 787, 822, 840, 876, 787, 1079, 1072, 1069, 1025, 821, 1017, 1000, 848, 917, 1053, 883, 1088, 1030, 1049, 1047, 919, 879, 848, 1050, 897, 855, 1091, 818, 1047, 1091, 883, 892, 945, 851, 1024, 1050, 905, 1042, 831, 992, 1045, 1027, 845, 907, 805, 1059, 1024, 1028, 1041, 982, 874, 863, 876, 981, 930, 811, 1029, 946, 1046, 1006, 1085, 865, 865, 924, 845, 1050, 914, 801, 1036, 1099, 1001, 858, 918, 921, 913, 934, 1088, 962, 834, 986, 868, 812, 936, 1002, 857, 904, 903, 972, 963, 891, 959, 927, 1056, 1010, 1021, 979, 1046, 988, 979, 977, 1031, 902, 1100, 925, 878, 879, 1014, 1067, 936, 1098, 986, 899, 1065, 978, 814, 971, 1025, 814, 1097, 1034, 867, 854, 1058, 828, 811, 878, 919, 982, 836, 817, 1063, 955, 964, 1000, 796, 1013, 1085, 844, 981, 1093, 1049, 1065, 1096, 913, 784, 805, 1036, 797, 1082, 789, 894, 993, 918, 876, 1023, 928, 957, 1021, 928, 950, 979, 809, 986, 1017, 1030, 934, 953, 932, 1054, 912, 965, 923, 963, 856, 791, 1032, 975, 939, 1047, 859, 1036, 843, 981, 879, 1016, 867, 1094, 967, 1056, 1081, 1077, 784, 991, 1068, 1085, 898, 1035, 842, 997, 947, 1029, 908, 866, 804, 928, 1046, 815, 793, 1012, 994, 922, 1036, 824, 865, 1030, 1069, 1047, 971, 906, 866, 888, 902, 1062, 988, 824, 1024, 813, 999, 1005, 944, 785, 962, 858, 1089, 986, 786, 946, 855, 852, 1054, 993, 805, 954, 974, 1097, 1071, 858, 846, 868, 1068, 964, 939, 925, 1094, 830, 1063, 862, 986, 904, 925, 963, 1096, 891, 962, 882, 808, 1096, 794, 1062, 846, 1073, 1100, 953, 929, 1084, 870, 920, 807, 1051, 812, 1080, 1080, 1097, 799, 936, 971, 1080, 809, 950, 793, 886, 909, 908, 925, 1005, 1061, 854, 1037, 810, 955, 921, 984, 1044, 982, 1088, 968, 896, 842, 822, 890, 948, 926, 1062, 1084, 846, 827, 993, 955, 878, 862, 1064, 789, 835, 934, 909, 1014, 796, 858, 944, 908, 1001, 878, 927, 830, 1069, 894, 974, 1040, 1066, 912, 1091, 1029, 932, 923, 883, 800, 869, 1021, 1041, 962, 1006, 998, 1031, 1017, 1026, 815, 1080, 1078, 996, 905, 815, 1024, 867, 787, 913, 875, 874, 939, 847, 787, 865, 886, 876, 1078, 986, 920, 1087, 1020, 804, 993, 1056, 1086, 937, 979, 1042, 1056, 931, 874, 873, 933, 1039, 841, 929, 827, 915, 844, 1005, 878, 1078, 1043, 1015, 1047, 843, 988, 784, 948, 885, 839, 1098, 979, 1014, 808, 1099, 1077, 1079, 966, 1063, 966, 985, 1043, 860, 811, 1022, 792, 810, 831, 1057, 789, 1036, 974, 964, 1084, 863, 1000, 953, 827, 1096, 891, 1090, 955, 833, 889, 924, 831, 993, 1043, 1023, 965, 1009, 835, 999, 1075, 971, 916, 999, 800, 953, 967, 892, 837, 982, 834, 1070, 1055, 1009, 953, 816, 1018, 997, 862, 963, 836, 810, 850, 988, 1025, 901, 869, 1075, 936, 821, 815, 978, 1022, 840, 825, 912, 1095, 826, 931, 1042, 1017, 1037, 940, 1027, 961, 784, 803, 893, 828, 1055, 867, 864, 922, 881, 1092, 809, 1080, 877, 973, 975, 866, 1080, 811, 816, 1089, 1025, 1004, 877, 1051, 809, 961, 1021, 880, 862, 1013, 788, 950, 1087, 1050, 801, 941, 854, 1038, 825, 879, 989, 841, 937, 785, 930, 805, 907, 1071, 953, 838, 981, 818, 980, 1001, 889, 803, 830, 919, 917, 1052, 1054, 1093, 820, 794, 1041, 844, 840, 932, 967, 870, 804, 802, 862, 872, 1072, 1069, 815, 1074, 1092, 934, 1014, 922, 1044, 1088, 1019, 1058, 996, 915, 898, 920, 929, 1034, 977, 1026, 975, 968, 1048, 896, 878, 921, 1035, 818, 988, 950, 980, 830, 1095, 997, 799, 1009, 794, 878, 841, 793, 1066, 918, 973, 914, 1086, 894, 900, 870, 1058, 875, 1091, 1067, 900, 1020, 1081, 823, 1096, 1089, 1033, 961, 809, 1027, 923, 914, 990, 1067, 854, 991, 922, 872, 1002, 823, 834, 1001, 825, 1021, 865, 969, 849, 1100, 928, 837, 1033, 1009, 1012, 849, 1003, 1038, 832, 862, 823, 1066, 899, 813, 910, 1049, 845, 804, 889, 1034, 795, 883, 946, 810, 824, 1092, 876, 996, 995, 1034, 982, 1097, 871, 987, 910, 862, 911, 1076, 805, 904, 814, 859, 956, 965, 813, 996, 997, 807, 935, 848, 926, 1003, 803, 865, 993, 825, 1002, 836, 970, 898, 1098, 1030, 1016, 852, 961, 934, 971, 897, 838, 839, 907, 972, 1008, 866, 859, 832, 995, 837, 986, 838, 876, 1032, 992, 987, 971, 995, 797, 1010, 840, 957, 913, 1068, 1052, 1041, 970, 941, 955, 1037, 944, 838, 847, 1040, 991, 940, 1004, 1041, 1025, 893, 811, 855, 985, 903, 1027, 972, 1079, 1044, 912, 957, 835, 1100, 844, 945, 794, 892, 920, 1006, 912, 919, 1008, 952, 1052, 908, 857, 964, 970, 1024, 1060, 1033, 914, 1005, 1071, 894, 1071, 974, 946, 977, 837, 814, 955, 1055, 827, 909, 1047, 1099, 928, 966, 1053, 924, 924, 1027, 843, 1086, 817, 895, 873, 911, 975, 1092, 891, 984, 995, 892, 1063, 927, 824, 938, 919, 913, 835, 966, 917, 1024, 912, 938, 858, 908, 857, 1075, 958, 893, 886, 914, 1019, 829, 890, 866, 880, 962, 875, 852, 795, 1096, 798, 931, 1062, 1004, 905, 1069, 898, 947, 840, 1041, 949, 790, 901, 990, 1087, 866, 922, 790, 1042, 1047, 1063, 1081, 1010, 842, 876, 1050, 981, 1072, 835, 993, 1071, 784, 799, 1034, 982, 1026, 811, 823, 845, 1003, 904, 809, 1089, 1048, 1065, 894, 955, 936, 1014, 864, 1013, 966, 1092, 1011, 868, 965, 891, 837, 1086, 870, 1026, 944, 827, 1062, 804, 858, 1026, 838, 922, 1075, 1063, 788, 817, 967, 844, 910, 942, 1096, 1037, 1007, 958, 885, 1045, 859, 785, 849, 1069, 788, 1067, 1025, 858, 919, 930, 909, 932, 999, 975, 965, 936, 797, 796, 838, 927, 808, 1072, 840, 834, 1073, 816, 950, 837, 959, 867, 1047, 1074, 895, 1035, 1047, 879, 865, 1020, 870, 1087, 1048, 900, 1039, 1024, 956, 897, 920, 1069, 1080, 942, 1096, 790, 972, 1044, 942, 931, 968, 1005, 889, 965, 796, 963, 1060, 952, 1048, 871, 1002, 925, 970, 1056, 993, 924, 818, 845, 928, 898, 1097, 943, 908, 1047, 793, 1042, 1008, 843, 964, 974, 1098, 1045, 902, 973, 971, 988, 907, 911, 1076, 934, 908, 1044, 814, 1000, 1020, 795, 1035, 855, 1074, 949, 958, 888, 1062, 854, 982, 964, 1098, 1006, 1093, 888, 889, 815, 905, 933, 899, 960, 970, 1080, 916, 832, 895, 1001, 896, 847, 935, 855, 1035, 974, 1099, 973, 913, 798, 801, 842, 909, 903, 943, 1025, 1063, 963, 844, 1084, 931, 944, 1043, 894, 968, 964, 1085, 909, 912, 887, 822, 1025, 960, 851, 818, 908, 1071, 964, 935, 961, 812, 835, 838, 1058, 1090, 997, 988, 1058, 936, 814, 850, 1011, 1026, 967, 959, 856, 913, 1054, 924, 840, 992, 1033, 811, 968, 1059, 1074, 901, 1036, 934, 824, 820, 1028, 796, 792, 975, 860, 1090, 857, 882, 885, 811, 992, 903, 958, 841, 873, 922, 1090, 978, 833, 868, 896, 1030, 822, 785, 853, 1082, 790, 989, 830, 973, 868, 791, 1001, 802, 871, 1041, 863, 1080, 992, 1008, 964, 868, 1034, 826, 948, 1081, 947, 978, 977, 1058, 1066, 1041, 833, 853, 928, 836, 1043, 1071, 863, 1002, 1077, 889, 1018, 1042, 900, 998, 941, 1057, 875, 1063, 1014, 1068, 995, 968, 819, 798, 1001, 895, 914, 986, 830, 951, 920, 893, 953, 948, 887, 868, 1068, 1083, 1031, 804, 797, 813, 896, 795, 951, 834, 794, 808, 1051, 1021, 970, 1029, 981, 939, 852, 914, 821, 864, 1071, 1030, 837, 1049, 1075, 879, 978, 792, 886, 801, 1022, 1016, 1097, 873, 954, 909, 890, 943, 918, 860, 1026, 961, 1085, 1036, 832, 1032, 796, 1071, 916, 852, 944, 825, 1047, 1090, 936, 1090, 1067, 952, 1061, 993, 958, 849, 1074, 1000, 1051, 785, 900, 830, 1074, 1079, 1042, 840, 1082, 1094, 1022, 817, 889, 790, 1008, 1087, 1048, 1025, 1088, 874, 955, 981, 899, 911, 999, 968, 842, 875, 1078, 961, 1079, 986, 859, 1056, 927, 1096, 987, 1030, 787, 908, 1023, 937, 891, 1085, 989, 1068, 1064, 919, 1036, 1002, 890, 877, 864, 892, 923, 929, 943, 1024, 882, 877, 948, 841, 787, 948, 1005, 860, 819, 1037, 1078, 939, 833, 1019, 1011, 790, 794, 1032, 933, 852, 822, 793, 1089, 902, 904, 976, 872, 793, 907, 934, 805, 814, 1042, 786, 1023, 883, 966, 916, 920, 807, 860, 918, 926, 965, 900, 1014, 810, 797, 1024, 819, 967, 1021, 1027, 941, 1092, 886, 1086, 1022, 922, 799, 804, 1017, 1100, 941, 1042, 931, 929, 1076, 834, 829, 956, 929, 987, 871, 945, 1086, 823, 919, 850, 1029, 915, 797, 995, 1089, 785, 924, 927, 1046, 803, 1023, 876, 837, 1016, 797, 885, 1034, 1041, 982, 966, 1066, 930, 1097, 1054, 807, 1053, 966, 964, 999, 1030, 922, 914, 1041, 1022, 1040, 1091, 987, 962, 979, 1038, 989, 863, 1092, 800, 965, 919, 1067, 809, 948, 1022, 884, 924, 924, 837, 913, 878, 945, 1032, 1013, 963, 856, 1079, 922, 803, 1040, 828, 892, 833, 935, 877, 889, 881, 1019, 886, 847, 787, 903, 935, 864, 800, 1077, 963, 960, 933, 846, 981, 874, 984, 899, 934, 900, 996, 982, 917, 917, 1036, 825, 825, 945, 983, 1047, 956, 895, 983, 816, 956, 950, 1070, 1074, 993, 1095, 1005, 964, 974, 1058, 861, 1053, 841, 1026, 1043, 1079, 1061, 1096, 811, 902, 855, 837, 1069, 992, 1032, 981, 904, 838, 788, 805, 1076, 967, 813, 904, 821, 845, 993, 842, 988, 961, 1063, 827, 972, 981, 1060, 1012, 1003, 1024, 1001, 842, 914, 981, 961, 825, 973, 1068, 1063, 969, 902, 1044, 954, 892, 842, 934, 943, 998, 801, 1056, 1069, 1099, 989, 835, 1001, 1039, 1050, 850, 1041, 810, 1080, 1030, 981, 1019, 982, 931, 880, 942, 1056, 802, 991, 957, 994, 946, 819, 1085, 1093, 799, 1063, 1004, 788, 991, 1026, 866, 1034, 1032, 812, 791, 911, 1018, 1033, 1024, 813, 1069, 917, 923, 836, 867, 912, 904, 804, 1043, 1023, 1096, 1096, 806, 788, 985, 816, 873, 999, 795, 1065, 865, 1045, 949, 785, 922, 1043, 927, 1038, 824, 785, 878, 1010, 817, 861, 976, 928, 802, 928, 989, 844, 837, 874, 845, 1009, 1055, 907, 1051, 812, 1001, 926, 851, 805, 993, 1040, 813, 936, 801, 965, 804, 1076, 852, 924, 940, 974, 925, 1043, 806, 866, 924, 913, 815, 932, 871, 803, 1086, 1038, 1062, 838, 998, 901, 926, 935, 910, 878, 904, 928, 998, 871, 964, 1097, 1084, 839, 920, 917, 788, 932, 803, 957, 1016, 1065, 939, 1010, 820, 966, 974, 983, 945, 1008, 886, 1019, 949, 984, 1027, 785, 924, 807, 1031, 847, 962, 957, 919, 800, 1070, 945, 967, 993, 926, 983, 995, 787, 1026, 977, 903, 896, 961, 883, 1091, 1043, 896, 1002, 1004, 803, 797, 861, 801, 1045, 881, 807, 1099, 882, 893, 850, 1059, 1034, 961, 1087, 1038, 984, 991, 881, 989, 927, 1077, 960, 940, 1032, 1001, 887, 802, 1029, 1094, 1078, 805, 950, 876, 837, 924, 926, 890, 939, 904, 1068, 863, 842, 805, 1080, 933, 931, 998, 1042, 1084, 818, 920, 934, 1060, 1072, 941, 947, 790, 907, 1085, 796, 951, 1040, 1086, 843, 845, 916, 976, 1047, 1012, 974, 887, 977, 1077, 997, 977, 894, 833, 1057, 1007, 1007, 1024, 922, 1054, 891, 1095, 1046, 802, 887, 1083, 1090, 949, 907, 1089, 1005, 916, 883, 819, 820, 904, 792, 837, 849, 1076, 854, 972, 883, 1099, 949, 1058, 933, 1096, 910, 981, 1040, 804, 1028, 1065, 817, 996, 961, 951, 902, 935, 847, 922, 854, 983, 863, 978, 928, 1006, 797, 897, 805, 855, 974, 841, 986, 932, 1041, 968, 855, 984, 1018, 872, 993, 905, 1045, 874, 969, 985, 1090, 809, 897, 816, 880, 881, 1057, 807, 907, 885, 833, 795, 883, 868, 830, 962, 938, 788, 1011, 828, 840, 1054, 925, 1038, 840, 1028, 909, 921, 979, 1075, 967, 1054, 798, 788, 825, 926, 1075, 1010, 897, 1043, 911, 1089, 809, 875, 826, 947, 834, 818, 916, 986, 896, 861, 984, 884, 902, 1067, 889, 912, 982, 901, 1013, 843, 1059, 1034, 861, 1026, 1076, 962, 1018, 1031, 1070, 852, 1001, 1075, 972, 830, 860, 835, 809, 965, 916, 994, 815, 1005, 942, 1055, 954, 980, 1062, 872, 806, 987, 865, 981, 911, 943, 826, 792, 798, 874, 1016, 898, 794, 789, 983, 950, 1020, 1015, 1047, 839, 853, 810, 1017, 950, 848, 1091, 952, 955, 948, 965, 871, 960, 955, 930, 851, 841, 1095, 916, 818, 950, 885, 831, 838, 797, 951, 901, 963, 917, 893, 790, 971, 1033, 1037, 997, 1068, 822, 1046, 970, 996, 1000, 793, 786, 917, 817, 866, 1006, 989, 1026, 812, 892, 1084, 907, 899, 1063, 1044, 1058, 943, 1069, 882, 891, 1004, 957, 805, 1037, 924, 902, 1079, 949, 1025, 886, 978, 844, 1012, 920, 870, 955, 1087, 843, 901, 1022, 1071, 1011, 1054, 987, 933, 1036, 1044, 1091, 1029, 943, 1044, 962, 868, 800, 888, 1086, 964, 905, 943, 930, 987, 794, 953, 998, 1096, 1029, 989, 892, 895, 795, 1077, 1051, 811, 980, 892, 879, 787, 919, 846, 784, 1029, 993, 984, 873, 882, 806, 1057, 889, 828, 1074, 819, 795, 963, 903, 824, 952, 905, 957, 969, 857, 882, 884, 879, 935, 942, 788, 928, 993, 1099, 996, 869, 1072, 801, 1019, 1034, 814, 880, 908, 932, 1005, 1089, 924, 793, 840, 1100, 797, 1034, 899, 1017, 865, 1041, 840, 1014, 999, 1096, 1087, 1005, 972, 864, 821, 846, 1089, 789, 868, 970, 914, 890, 838, 861, 812, 1049, 971, 1050, 787, 1062, 888, 928, 1021, 903, 865, 881, 963, 938, 976, 1026, 824, 974, 1008, 790, 944, 1030, 1022, 848, 795, 1030, 815, 1094, 1086, 841, 803, 846, 938, 832, 959, 848, 1059, 1062, 932, 885, 832, 834, 836, 1056, 1081, 786, 803, 986, 939, 888, 1035, 861, 975, 898, 1088, 929, 950, 911, 834, 864, 874, 1033, 883, 1063, 933, 837, 1094, 980, 964, 939, 923, 933, 1039, 1072, 1027, 797, 826, 1032, 870, 1008, 870, 1043, 1033, 786, 1026, 988, 1057, 977, 1036, 829, 1032, 907, 1029, 972, 947, 868, 820, 955, 828, 961, 947, 839, 1032, 928, 943, 907, 827, 1004, 1020, 854, 942, 829, 796, 1092, 920, 967, 975, 967, 1051, 977, 1062, 1019, 1088, 1033, 1061, 893, 1098, 911, 917, 935, 797, 1019, 1068, 788, 1013, 1048, 944, 1069, 858, 887, 803, 917, 1038, 934, 910, 1053, 861, 910, 1056, 872, 893, 903, 1028, 988, 934, 885, 903, 935, 913, 948, 1067, 1036, 907, 995, 890, 893, 898, 864, 1020, 945, 816, 945, 1032, 906, 816, 916, 995, 890, 981, 890, 804, 845, 1053, 1015, 1044, 851, 997, 944, 1018, 845, 872, 1002, 828, 845, 1069, 1044, 852, 1092, 987, 832, 904, 975, 845, 1048, 943, 969, 896, 810, 981, 991, 915, 958, 856, 990, 917, 941, 1073, 1053, 986, 845, 926, 1070, 906, 994, 927, 861, 884, 818, 1046, 850, 851, 998, 993, 1065, 880, 842, 917, 826, 1047, 1071, 833, 798, 925, 854, 961, 1071, 907, 861, 1079, 795, 887, 1087, 1057, 951, 819, 907, 1091, 951, 918, 811, 786, 898, 841, 854, 922, 959, 821, 955, 867, 843, 836, 955, 827, 887, 1007, 1006, 899, 912, 925, 1077, 960, 1060, 914, 1069, 838, 904, 988, 1061, 799, 867, 982, 944, 807, 833, 929, 942, 902, 891, 891, 832, 939, 1041, 948, 1011, 815, 901, 896, 929, 1087, 1088, 1057, 957, 811, 1070, 838, 1030, 1082, 925, 904, 830, 878, 1016, 799, 949, 1004, 894, 1053, 860, 892, 941, 818, 1017, 813, 977, 947, 998, 808, 970, 870, 828, 873, 860, 962, 815, 953, 1064, 873, 1064, 831, 891, 941, 1010, 971, 791, 865, 977, 870, 944, 1078, 919, 925, 1021, 897, 840, 911, 1057, 972, 1093, 964, 1045, 886, 1094, 1095, 830, 971, 892, 944, 942, 830, 832, 834, 853, 999, 888, 1060, 932, 958, 1088, 789, 1074, 1011, 926, 848, 820, 896, 788, 1069, 821, 813, 833, 949, 812, 904, 1082, 830, 930, 829, 913, 795, 869, 980, 867, 837, 956, 827, 859, 973, 826, 846, 880, 1096, 1011, 1092, 836, 1000, 975, 917, 894, 795, 1049, 797, 953, 1038, 786, 1071, 873, 866, 805, 810, 863, 970, 1075, 877, 911, 1016, 982, 1007, 822, 944, 851, 809, 856, 1070, 973, 906, 923, 887, 1064, 874, 873, 844, 969, 1010, 948, 840, 941, 1041, 1043, 785, 869, 938, 1083, 944, 980, 901, 859, 878, 1027, 875, 1025, 827, 991, 1091, 929, 829, 1098, 802, 987, 804, 998, 839, 919, 869, 978, 836, 950, 964, 1098, 862, 818, 877, 818, 1094, 890, 1050, 798, 883, 969, 1023, 878, 993, 1064, 1038, 919, 834, 790, 966, 850, 877, 882, 878, 1078, 834, 1099, 804, 1052, 1080, 893, 1009, 947, 1002, 992, 962, 982, 827, 1034, 1023, 962, 900, 1072, 786, 1010, 894, 936, 1024, 894, 1022, 983, 1066, 904, 1034, 937, 1057, 862, 979, 962, 886, 804, 934, 826, 916, 945, 860, 835, 838, 938, 1076, 1052, 1012, 984, 991, 868, 891, 787, 816, 790, 1002, 871, 823, 974, 1044, 785, 812, 1035, 908, 1077, 1046, 920, 939, 830, 1011, 944, 905, 976, 925, 842, 866, 982, 1055, 859, 1013, 953, 920, 987, 1052, 1098, 838, 917, 866, 867, 1017, 1034, 855, 873, 851, 993, 877, 800, 1080, 873, 1046, 938, 847, 791, 1013, 950, 984, 836, 883, 937, 871, 1017, 1078, 787, 802, 928, 985, 1072, 825]
Run time:180.00680780410767
--------------------------------------------