Group: ./kplib/11ProfitCeiling/
----------Test case: n00050------------
Total value = 14229
Total weight: 14238
Packed items: [2, 5, 6, 8, 10, 12, 13, 14, 18, 19, 23, 26, 29, 30, 32, 33, 34, 35, 36, 37, 38, 39, 45, 46]
Packed_weights: [421, 405, 784, 477, 909, 282, 756, 619, 811, 903, 684, 435, 967, 478, 261, 806, 549, 15, 720, 399, 825, 669, 871, 192]
Run time:1.190218448638916
--------------------------------------------
----------Test case: n00100------------
Total value = 29001
Total weight: 29015
Packed items: [5, 6, 8, 10, 12, 13, 16, 18, 19, 21, 23, 26, 29, 32, 34, 35, 36, 37, 38, 39, 42, 45, 46, 50, 52, 53, 55, 57, 62, 63, 64, 66, 68, 69, 73, 74, 75, 77, 78, 79, 81, 84, 85, 87, 93, 94]
Packed_weights: [405, 784, 477, 909, 282, 756, 910, 811, 903, 730, 684, 435, 967, 261, 549, 15, 720, 399, 825, 669, 868, 871, 192, 804, 81, 321, 933, 552, 964, 604, 588, 597, 576, 291, 657, 477, 90, 877, 924, 843, 924, 706, 276, 850, 661, 997]
Run time:71.17730259895325
--------------------------------------------
----------Test case: n00200------------
Total value = 51540
Total weight: 51562
Packed items: [5, 6, 8, 10, 12, 13, 18, 19, 21, 23, 26, 29, 32, 34, 35, 36, 37, 38, 39, 42, 45, 46, 50, 52, 53, 55, 57, 62, 63, 64, 66, 68, 69, 73, 74, 75, 77, 78, 79, 81, 84, 85, 87, 93, 94, 100, 101, 103, 106, 107, 108, 110, 116, 117, 119, 120, 123, 130, 131, 133, 134, 138, 140, 146, 150, 151, 154, 157, 162, 164, 166, 168, 170, 171, 175, 177, 178, 180, 181, 185, 189, 192, 196, 198]
Packed_weights: [405, 784, 477, 909, 282, 756, 811, 903, 730, 684, 435, 967, 261, 549, 15, 720, 399, 825, 669, 868, 871, 192, 804, 81, 321, 933, 552, 964, 604, 588, 597, 576, 291, 657, 477, 90, 877, 924, 843, 924, 706, 276, 850, 661, 997, 631, 846, 732, 795, 333, 816, 147, 681, 27, 607, 576, 981, 801, 937, 426, 102, 351, 504, 732, 673, 967, 846, 597, 570, 312, 838, 561, 742, 336, 954, 288, 360, 634, 622, 651, 240, 876, 702, 663]
Run time:179.34492588043213
--------------------------------------------
----------Test case: n00500------------
Total value = 127239
Total weight: 127277
Packed items: [5, 6, 8, 10, 12, 13, 16, 18, 19, 23, 26, 29, 32, 34, 35, 36, 37, 38, 39, 42, 45, 46, 50, 52, 53, 55, 57, 62, 64, 66, 68, 69, 73, 74, 75, 77, 78, 79, 81, 85, 87, 94, 101, 103, 106, 107, 108, 110, 116, 117, 120, 123, 130, 131, 133, 134, 138, 140, 146, 148, 151, 154, 157, 162, 164, 166, 168, 171, 175, 177, 178, 185, 189, 192, 196, 198, 203, 206, 208, 211, 212, 213, 214, 215, 217, 218, 219, 220, 225, 226, 231, 233, 239, 240, 241, 244, 245, 247, 250, 253, 254, 256, 257, 260, 265, 266, 269, 271, 272, 273, 275, 278, 279, 281, 283, 290, 292, 295, 299, 300, 302, 304, 305, 306, 308, 314, 315, 318, 320, 321, 322, 325, 326, 327, 334, 335, 336, 337, 348, 355, 357, 358, 359, 360, 364, 367, 375, 379, 380, 389, 390, 391, 394, 395, 396, 399, 400, 401, 404, 405, 406, 408, 409, 411, 412, 415, 418, 420, 421, 425, 427, 428, 429, 430, 432, 433, 434, 438, 439, 441, 443, 444, 449, 451, 454, 456, 458, 460, 463, 464, 466, 470, 473, 475, 476, 477, 478, 480, 481, 482, 483, 485, 488, 489, 491, 492, 495, 496, 499]
Packed_weights: [405, 784, 477, 909, 282, 756, 910, 811, 903, 684, 435, 967, 261, 549, 15, 720, 399, 825, 669, 868, 871, 192, 804, 81, 321, 933, 552, 964, 588, 597, 576, 291, 657, 477, 90, 877, 924, 843, 924, 276, 850, 997, 846, 732, 795, 333, 816, 147, 681, 27, 576, 981, 801, 937, 426, 102, 351, 504, 732, 919, 967, 846, 597, 570, 312, 838, 561, 336, 954, 288, 360, 651, 240, 876, 702, 663, 528, 756, 495, 810, 876, 813, 189, 1000, 84, 726, 987, 402, 3, 823, 874, 979, 453, 793, 862, 651, 348, 279, 681, 939, 910, 750, 702, 903, 588, 9, 790, 339, 621, 42, 982, 549, 294, 240, 180, 909, 841, 480, 735, 895, 627, 975, 639, 66, 750, 489, 585, 369, 261, 778, 432, 864, 703, 904, 948, 216, 147, 198, 918, 219, 963, 900, 819, 36, 843, 808, 844, 657, 969, 747, 906, 207, 826, 483, 792, 852, 799, 657, 507, 255, 66, 943, 303, 811, 63, 288, 36, 492, 864, 987, 612, 387, 48, 471, 33, 618, 630, 384, 777, 882, 468, 633, 789, 912, 873, 811, 786, 783, 456, 790, 45, 945, 216, 820, 889, 780, 699, 306, 114, 426, 567, 936, 774, 735, 447, 687, 963, 723, 360]
Run time:180.04201769828796
--------------------------------------------
----------Test case: n01000------------
Total value = 245877
Total weight: 245972
Packed items: [5, 6, 8, 10, 12, 13, 16, 18, 19, 21, 23, 26, 29, 32, 34, 35, 36, 37, 38, 39, 42, 45, 46, 50, 52, 53, 55, 57, 62, 64, 66, 68, 69, 73, 74, 75, 77, 78, 79, 81, 85, 87, 94, 101, 103, 106, 107, 108, 110, 116, 117, 120, 123, 130, 131, 133, 134, 138, 140, 146, 151, 154, 157, 162, 164, 166, 168, 170, 171, 175, 177, 178, 185, 189, 192, 196, 198, 203, 206, 208, 211, 212, 213, 214, 215, 217, 218, 219, 220, 224, 225, 226, 231, 233, 239, 240, 241, 244, 245, 247, 250, 253, 254, 256, 257, 260, 265, 266, 269, 271, 272, 273, 275, 278, 279, 281, 283, 290, 292, 295, 299, 300, 302, 304, 305, 306, 308, 314, 315, 318, 320, 321, 322, 325, 327, 334, 335, 336, 337, 348, 355, 357, 358, 359, 360, 364, 367, 375, 379, 380, 388, 389, 390, 391, 394, 395, 396, 399, 400, 401, 404, 405, 406, 408, 409, 411, 412, 415, 418, 420, 421, 425, 427, 428, 429, 430, 432, 433, 434, 438, 439, 441, 443, 444, 449, 451, 454, 456, 458, 460, 462, 463, 464, 466, 470, 473, 475, 476, 477, 478, 480, 481, 482, 483, 485, 488, 489, 491, 492, 495, 496, 499, 500, 501, 503, 504, 506, 510, 519, 520, 522, 523, 524, 528, 530, 534, 535, 536, 538, 541, 544, 545, 549, 551, 556, 560, 561, 562, 563, 564, 565, 570, 571, 572, 573, 574, 582, 584, 588, 590, 597, 599, 605, 610, 611, 613, 614, 615, 617, 627, 631, 633, 640, 644, 655, 659, 660, 661, 664, 665, 666, 667, 672, 678, 682, 686, 688, 689, 699, 700, 701, 704, 705, 706, 708, 709, 712, 713, 714, 718, 719, 725, 726, 727, 730, 734, 735, 737, 740, 741, 742, 743, 747, 750, 753, 758, 759, 760, 764, 765, 768, 769, 776, 780, 781, 785, 788, 789, 792, 793, 794, 795, 796, 798, 799, 800, 805, 807, 810, 811, 813, 814, 815, 819, 825, 826, 829, 831, 832, 833, 835, 836, 837, 838, 841, 843, 846, 851, 852, 859, 860, 862, 863, 864, 868, 870, 871, 873, 874, 875, 880, 882, 884, 885, 886, 891, 893, 894, 897, 899, 900, 902, 903, 910, 913, 917, 920, 923, 925, 931, 933, 935, 938, 940, 941, 942, 944, 946, 948, 952, 953, 957, 960, 964, 968, 969, 971, 972, 973, 974, 976, 978, 980, 982, 984, 989, 990, 992, 994, 996, 997, 998]
Packed_weights: [405, 784, 477, 909, 282, 756, 910, 811, 903, 730, 684, 435, 967, 261, 549, 15, 720, 399, 825, 669, 868, 871, 192, 804, 81, 321, 933, 552, 964, 588, 597, 576, 291, 657, 477, 90, 877, 924, 843, 924, 276, 850, 997, 846, 732, 795, 333, 816, 147, 681, 27, 576, 981, 801, 937, 426, 102, 351, 504, 732, 967, 846, 597, 570, 312, 838, 561, 742, 336, 954, 288, 360, 651, 240, 876, 702, 663, 528, 756, 495, 810, 876, 813, 189, 1000, 84, 726, 987, 402, 718, 3, 823, 874, 979, 453, 793, 862, 651, 348, 279, 681, 939, 910, 750, 702, 903, 588, 9, 790, 339, 621, 42, 982, 549, 294, 240, 180, 909, 841, 480, 735, 895, 627, 975, 639, 66, 750, 489, 585, 369, 261, 778, 432, 864, 904, 948, 216, 147, 198, 918, 219, 963, 900, 819, 36, 843, 808, 844, 657, 969, 991, 747, 906, 207, 826, 483, 792, 852, 799, 657, 507, 255, 66, 943, 303, 811, 63, 288, 36, 492, 864, 987, 612, 387, 48, 471, 33, 618, 630, 384, 777, 882, 468, 633, 789, 912, 873, 811, 786, 783, 757, 456, 790, 45, 945, 216, 820, 889, 780, 699, 306, 114, 426, 567, 936, 774, 735, 447, 687, 963, 723, 360, 30, 348, 975, 820, 894, 939, 345, 960, 967, 363, 474, 636, 993, 898, 946, 805, 243, 420, 21, 78, 741, 423, 949, 729, 321, 204, 294, 471, 951, 796, 447, 399, 768, 432, 204, 699, 769, 546, 762, 985, 582, 756, 909, 36, 793, 306, 531, 411, 789, 372, 669, 477, 889, 868, 687, 742, 42, 621, 1000, 874, 288, 898, 525, 790, 807, 390, 57, 639, 174, 705, 513, 285, 354, 459, 957, 955, 930, 705, 216, 141, 787, 681, 922, 883, 795, 456, 45, 369, 210, 525, 736, 255, 45, 48, 810, 979, 99, 766, 441, 78, 129, 435, 558, 297, 537, 261, 784, 99, 733, 249, 285, 660, 742, 516, 738, 675, 222, 832, 519, 675, 234, 810, 396, 976, 766, 775, 570, 696, 733, 817, 760, 354, 901, 834, 456, 495, 954, 822, 786, 60, 39, 727, 726, 261, 672, 357, 540, 733, 45, 654, 63, 973, 423, 177, 987, 748, 264, 736, 687, 42, 922, 733, 841, 807, 684, 928, 621, 733, 933, 90, 237, 736, 405, 270, 393, 901, 978, 687, 456, 21, 681, 687, 979, 972, 567, 330, 969, 925, 721, 354, 900, 748, 817, 324, 783, 988, 141, 126, 930, 949]
Run time:180.0847029685974
--------------------------------------------
----------Test case: n02000------------
Total value = 498255
Total weight: 498450
Packed items: [5, 6, 8, 10, 12, 13, 16, 18, 19, 21, 23, 26, 29, 32, 34, 35, 36, 37, 38, 39, 42, 45, 46, 47, 50, 52, 53, 55, 57, 62, 64, 66, 68, 69, 73, 74, 75, 77, 78, 79, 81, 85, 87, 94, 101, 103, 106, 107, 108, 110, 116, 117, 120, 123, 130, 131, 133, 134, 138, 140, 146, 148, 151, 154, 157, 162, 164, 166, 168, 170, 171, 175, 177, 178, 185, 189, 192, 196, 198, 203, 206, 208, 211, 212, 213, 214, 215, 217, 218, 219, 220, 225, 226, 231, 233, 239, 240, 241, 244, 245, 247, 250, 253, 254, 256, 257, 260, 265, 266, 269, 271, 272, 273, 275, 278, 279, 281, 283, 290, 292, 295, 299, 300, 302, 304, 305, 306, 308, 314, 315, 318, 320, 321, 322, 325, 327, 334, 335, 336, 337, 348, 355, 357, 358, 359, 360, 364, 367, 375, 379, 380, 388, 389, 390, 391, 394, 395, 396, 399, 400, 401, 404, 405, 406, 408, 409, 411, 412, 415, 418, 420, 421, 425, 427, 428, 429, 430, 432, 433, 434, 438, 439, 441, 443, 444, 449, 451, 454, 456, 458, 460, 462, 463, 464, 466, 470, 473, 475, 476, 477, 478, 480, 481, 482, 483, 485, 488, 489, 491, 492, 495, 496, 499, 500, 501, 503, 504, 506, 510, 519, 520, 522, 523, 524, 528, 530, 534, 535, 536, 538, 541, 544, 545, 549, 551, 556, 560, 561, 562, 563, 564, 565, 570, 571, 572, 573, 574, 582, 584, 588, 590, 597, 599, 605, 610, 611, 613, 614, 615, 617, 627, 631, 633, 640, 644, 655, 659, 660, 661, 664, 665, 667, 672, 678, 682, 686, 688, 689, 699, 700, 701, 704, 705, 706, 708, 709, 712, 713, 714, 718, 719, 725, 726, 727, 730, 734, 735, 737, 740, 741, 742, 743, 747, 750, 753, 758, 759, 760, 764, 765, 768, 769, 776, 780, 781, 785, 788, 789, 792, 793, 794, 795, 796, 798, 799, 800, 805, 807, 810, 811, 813, 814, 815, 819, 825, 826, 829, 831, 832, 833, 835, 836, 837, 838, 841, 843, 846, 851, 852, 859, 860, 862, 863, 864, 868, 870, 871, 873, 874, 875, 880, 882, 884, 885, 886, 891, 893, 894, 897, 899, 900, 902, 903, 910, 913, 917, 920, 923, 925, 931, 933, 935, 938, 940, 941, 942, 944, 946, 948, 952, 953, 957, 960, 964, 968, 969, 971, 972, 973, 974, 978, 980, 982, 984, 989, 990, 992, 994, 996, 997, 998, 1001, 1003, 1005, 1008, 1012, 1013, 1015, 1018, 1019, 1020, 1024, 1025, 1027, 1028, 1030, 1031, 1033, 1034, 1039, 1040, 1044, 1045, 1051, 1053, 1054, 1055, 1057, 1058, 1060, 1061, 1063, 1064, 1065, 1069, 1070, 1076, 1077, 1080, 1082, 1086, 1089, 1090, 1091, 1093, 1096, 1100, 1101, 1102, 1103, 1104, 1105, 1106, 1109, 1111, 1112, 1115, 1116, 1120, 1121, 1124, 1128, 1130, 1134, 1135, 1136, 1137, 1139, 1141, 1145, 1149, 1153, 1158, 1163, 1164, 1165, 1166, 1172, 1174, 1175, 1176, 1177, 1179, 1183, 1187, 1190, 1198, 1201, 1204, 1207, 1211, 1213, 1214, 1220, 1222, 1226, 1227, 1229, 1231, 1232, 1234, 1235, 1236, 1238, 1240, 1241, 1244, 1246, 1247, 1250, 1251, 1252, 1253, 1254, 1256, 1258, 1259, 1261, 1265, 1268, 1270, 1272, 1274, 1276, 1277, 1284, 1287, 1288, 1290, 1295, 1300, 1301, 1303, 1305, 1306, 1308, 1311, 1312, 1314, 1315, 1320, 1322, 1323, 1325, 1328, 1330, 1337, 1339, 1340, 1341, 1348, 1349, 1350, 1351, 1352, 1353, 1355, 1356, 1358, 1359, 1363, 1364, 1365, 1366, 1367, 1369, 1371, 1374, 1375, 1376, 1380, 1381, 1384, 1386, 1387, 1390, 1398, 1399, 1405, 1406, 1408, 1410, 1411, 1412, 1414, 1419, 1421, 1424, 1425, 1428, 1429, 1430, 1431, 1432, 1434, 1439, 1440, 1441, 1442, 1443, 1445, 1449, 1453, 1454, 1460, 1468, 1471, 1472, 1477, 1482, 1484, 1488, 1492, 1493, 1494, 1495, 1497, 1498, 1499, 1502, 1503, 1504, 1507, 1513, 1516, 1523, 1524, 1526, 1527, 1528, 1530, 1531, 1534, 1535, 1536, 1537, 1539, 1543, 1547, 1548, 1550, 1551, 1557, 1560, 1562, 1565, 1566, 1569, 1570, 1572, 1573, 1574, 1583, 1585, 1589, 1590, 1592, 1593, 1594, 1595, 1597, 1598, 1599, 1601, 1602, 1603, 1609, 1610, 1611, 1612, 1615, 1619, 1621, 1623, 1625, 1630, 1632, 1635, 1637, 1640, 1642, 1647, 1649, 1653, 1654, 1655, 1658, 1660, 1663, 1664, 1667, 1668, 1672, 1674, 1677, 1682, 1687, 1691, 1695, 1701, 1705, 1706, 1709, 1710, 1713, 1714, 1718, 1720, 1721, 1724, 1725, 1727, 1728, 1730, 1732, 1734, 1735, 1736, 1744, 1746, 1748, 1750, 1755, 1756, 1763, 1765, 1768, 1769, 1770, 1771, 1775, 1778, 1779, 1781, 1782, 1784, 1785, 1789, 1790, 1791, 1793, 1794, 1795, 1800, 1802, 1806, 1808, 1812, 1815, 1816, 1817, 1824, 1825, 1826, 1828, 1836, 1837, 1840, 1841, 1843, 1844, 1846, 1848, 1852, 1853, 1854, 1855, 1858, 1861, 1864, 1874, 1875, 1878, 1879, 1880, 1881, 1882, 1884, 1886, 1887, 1889, 1890, 1894, 1895, 1898, 1901, 1905, 1908, 1909, 1911, 1914, 1916, 1917, 1918, 1919, 1920, 1925, 1929, 1930, 1931, 1934, 1935, 1942, 1943, 1944, 1946, 1948, 1949, 1952, 1953, 1955, 1956, 1957, 1960, 1963, 1965, 1966, 1967, 1968, 1974, 1975, 1976, 1977, 1978, 1982, 1986, 1988, 1994, 1996, 1997]
Packed_weights: [405, 784, 477, 909, 282, 756, 910, 811, 903, 730, 684, 435, 967, 261, 549, 15, 720, 399, 825, 669, 868, 871, 192, 568, 804, 81, 321, 933, 552, 964, 588, 597, 576, 291, 657, 477, 90, 877, 924, 843, 924, 276, 850, 997, 846, 732, 795, 333, 816, 147, 681, 27, 576, 981, 801, 937, 426, 102, 351, 504, 732, 919, 967, 846, 597, 570, 312, 838, 561, 742, 336, 954, 288, 360, 651, 240, 876, 702, 663, 528, 756, 495, 810, 876, 813, 189, 1000, 84, 726, 987, 402, 3, 823, 874, 979, 453, 793, 862, 651, 348, 279, 681, 939, 910, 750, 702, 903, 588, 9, 790, 339, 621, 42, 982, 549, 294, 240, 180, 909, 841, 480, 735, 895, 627, 975, 639, 66, 750, 489, 585, 369, 261, 778, 432, 864, 904, 948, 216, 147, 198, 918, 219, 963, 900, 819, 36, 843, 808, 844, 657, 969, 991, 747, 906, 207, 826, 483, 792, 852, 799, 657, 507, 255, 66, 943, 303, 811, 63, 288, 36, 492, 864, 987, 612, 387, 48, 471, 33, 618, 630, 384, 777, 882, 468, 633, 789, 912, 873, 811, 786, 783, 757, 456, 790, 45, 945, 216, 820, 889, 780, 699, 306, 114, 426, 567, 936, 774, 735, 447, 687, 963, 723, 360, 30, 348, 975, 820, 894, 939, 345, 960, 967, 363, 474, 636, 993, 898, 946, 805, 243, 420, 21, 78, 741, 423, 949, 729, 321, 204, 294, 471, 951, 796, 447, 399, 768, 432, 204, 699, 769, 546, 762, 985, 582, 756, 909, 36, 793, 306, 531, 411, 789, 372, 669, 477, 889, 868, 687, 742, 42, 621, 874, 288, 898, 525, 790, 807, 390, 57, 639, 174, 705, 513, 285, 354, 459, 957, 955, 930, 705, 216, 141, 787, 681, 922, 883, 795, 456, 45, 369, 210, 525, 736, 255, 45, 48, 810, 979, 99, 766, 441, 78, 129, 435, 558, 297, 537, 261, 784, 99, 733, 249, 285, 660, 742, 516, 738, 675, 222, 832, 519, 675, 234, 810, 396, 976, 766, 775, 570, 696, 733, 817, 760, 354, 901, 834, 456, 495, 954, 822, 786, 60, 39, 727, 726, 261, 672, 357, 540, 733, 45, 654, 63, 973, 423, 177, 987, 748, 264, 736, 687, 42, 922, 733, 841, 807, 684, 928, 621, 733, 933, 90, 237, 736, 405, 270, 393, 901, 978, 687, 456, 21, 681, 687, 979, 972, 567, 330, 969, 925, 354, 900, 748, 817, 324, 783, 988, 141, 126, 930, 949, 819, 748, 549, 174, 111, 504, 606, 285, 429, 991, 555, 991, 783, 792, 751, 156, 924, 564, 615, 805, 942, 681, 892, 945, 927, 78, 745, 450, 807, 705, 165, 924, 928, 882, 774, 763, 387, 390, 39, 711, 474, 522, 42, 348, 111, 846, 946, 315, 906, 985, 765, 276, 405, 60, 126, 642, 765, 555, 745, 345, 814, 261, 936, 999, 156, 901, 39, 642, 72, 459, 477, 813, 834, 513, 988, 862, 886, 414, 63, 312, 390, 768, 78, 757, 804, 351, 654, 555, 81, 859, 648, 96, 910, 288, 549, 147, 921, 243, 879, 946, 483, 888, 45, 282, 171, 879, 877, 138, 931, 6, 390, 802, 1000, 825, 39, 778, 612, 27, 333, 138, 534, 408, 967, 432, 582, 886, 372, 612, 799, 714, 27, 871, 925, 714, 162, 591, 997, 504, 934, 754, 958, 177, 297, 432, 270, 399, 711, 681, 778, 819, 357, 882, 736, 717, 336, 963, 855, 864, 900, 696, 913, 985, 744, 306, 993, 949, 996, 813, 684, 705, 936, 648, 645, 982, 615, 453, 585, 828, 78, 921, 828, 850, 879, 609, 135, 886, 930, 87, 507, 456, 480, 102, 834, 645, 853, 832, 144, 69, 69, 954, 111, 865, 823, 756, 6, 312, 225, 78, 759, 936, 360, 402, 501, 471, 657, 916, 432, 360, 994, 867, 480, 345, 384, 981, 315, 684, 318, 891, 228, 985, 576, 201, 327, 114, 798, 234, 117, 742, 198, 897, 847, 808, 766, 270, 828, 678, 93, 946, 273, 693, 621, 912, 894, 417, 378, 336, 822, 234, 249, 936, 24, 724, 405, 765, 447, 654, 600, 930, 969, 300, 156, 871, 766, 678, 802, 888, 724, 924, 435, 618, 243, 844, 135, 444, 675, 862, 426, 886, 339, 558, 357, 846, 147, 954, 705, 874, 997, 381, 420, 768, 240, 864, 513, 594, 279, 507, 825, 264, 627, 564, 994, 480, 730, 435, 963, 762, 886, 804, 825, 339, 162, 345, 996, 862, 486, 348, 558, 708, 996, 609, 270, 973, 1000, 853, 829, 984, 84, 820, 309, 951, 36, 612, 513, 450, 81, 997, 699, 639, 270, 871, 850, 693, 141, 786, 123, 375, 808, 384, 309, 825, 961, 754, 282, 405, 471, 937, 855, 222, 552, 882, 582, 988, 300, 868, 796, 742, 790, 63, 168, 213, 534, 12, 826, 984, 276, 727, 243, 210, 855, 447, 778, 762, 135, 627, 510, 964, 480, 735, 834, 474, 441, 381, 579, 696, 675, 844, 189, 510, 808, 901, 778, 507, 342, 651, 730, 969, 459, 69, 874, 940, 186, 174, 966, 991, 832, 823, 783, 769, 15]
Run time:180.03202605247498
--------------------------------------------
----------Test case: n05000------------
Total value = 1248798
Total weight: 1249255
Packed items: [5, 6, 8, 10, 12, 13, 16, 18, 19, 21, 23, 26, 29, 32, 34, 35, 36, 37, 38, 39, 42, 45, 46, 50, 52, 53, 55, 57, 62, 64, 66, 68, 69, 73, 74, 75, 77, 78, 79, 81, 85, 87, 94, 101, 103, 106, 107, 108, 110, 116, 117, 120, 123, 130, 131, 133, 134, 138, 140, 146, 148, 151, 154, 157, 162, 164, 166, 168, 170, 171, 175, 177, 178, 185, 189, 192, 196, 198, 203, 206, 208, 211, 212, 213, 214, 215, 217, 218, 219, 220, 224, 225, 226, 231, 233, 239, 240, 241, 244, 245, 247, 250, 253, 254, 256, 257, 260, 265, 266, 269, 271, 272, 273, 275, 278, 279, 281, 283, 290, 292, 295, 299, 300, 302, 304, 305, 306, 308, 314, 315, 318, 320, 321, 322, 325, 327, 334, 335, 336, 337, 348, 355, 357, 358, 359, 360, 364, 367, 375, 379, 380, 388, 389, 390, 391, 394, 395, 396, 399, 400, 401, 404, 405, 406, 408, 409, 411, 412, 415, 418, 420, 421, 422, 425, 427, 428, 429, 430, 432, 433, 434, 438, 439, 441, 443, 444, 449, 451, 454, 456, 458, 460, 462, 463, 464, 466, 470, 473, 475, 476, 477, 478, 480, 481, 482, 483, 485, 488, 489, 491, 492, 495, 496, 499, 500, 501, 503, 504, 506, 510, 519, 520, 522, 523, 524, 528, 530, 534, 535, 536, 538, 541, 544, 545, 549, 551, 556, 560, 561, 562, 563, 564, 565, 570, 571, 572, 573, 574, 582, 584, 588, 590, 597, 599, 605, 610, 611, 613, 614, 615, 617, 627, 631, 633, 640, 644, 655, 659, 660, 661, 664, 665, 667, 672, 678, 682, 686, 688, 689, 699, 700, 701, 704, 705, 706, 708, 709, 712, 713, 714, 718, 719, 724, 725, 726, 727, 730, 734, 735, 737, 740, 741, 742, 743, 747, 750, 753, 758, 759, 760, 764, 765, 768, 769, 776, 780, 781, 785, 788, 789, 792, 793, 794, 795, 796, 798, 799, 800, 805, 807, 810, 811, 813, 814, 815, 819, 825, 826, 829, 831, 832, 833, 835, 836, 837, 838, 841, 843, 846, 851, 852, 859, 860, 862, 863, 864, 868, 870, 871, 873, 874, 875, 880, 882, 884, 885, 886, 891, 893, 894, 897, 899, 900, 902, 903, 910, 913, 917, 920, 923, 925, 931, 933, 935, 938, 940, 941, 942, 944, 946, 948, 952, 953, 957, 960, 964, 968, 969, 971, 972, 973, 974, 976, 978, 980, 982, 984, 989, 990, 992, 994, 996, 997, 998, 1001, 1003, 1005, 1008, 1012, 1013, 1015, 1018, 1019, 1020, 1021, 1024, 1025, 1027, 1028, 1030, 1031, 1033, 1034, 1039, 1040, 1044, 1045, 1051, 1053, 1054, 1055, 1057, 1058, 1060, 1061, 1063, 1064, 1065, 1069, 1070, 1076, 1077, 1080, 1082, 1086, 1089, 1090, 1091, 1093, 1096, 1100, 1101, 1102, 1103, 1104, 1105, 1106, 1109, 1111, 1112, 1115, 1116, 1120, 1121, 1124, 1128, 1130, 1134, 1135, 1136, 1137, 1139, 1141, 1145, 1149, 1153, 1158, 1163, 1164, 1165, 1166, 1172, 1174, 1175, 1176, 1177, 1179, 1183, 1187, 1190, 1198, 1201, 1204, 1207, 1211, 1213, 1214, 1220, 1222, 1226, 1227, 1229, 1231, 1232, 1234, 1235, 1236, 1238, 1240, 1241, 1244, 1246, 1247, 1250, 1251, 1252, 1253, 1254, 1256, 1258, 1259, 1261, 1265, 1268, 1270, 1272, 1274, 1276, 1277, 1284, 1287, 1288, 1290, 1295, 1300, 1301, 1303, 1305, 1306, 1308, 1311, 1312, 1314, 1315, 1320, 1322, 1323, 1325, 1328, 1330, 1337, 1339, 1340, 1341, 1348, 1349, 1350, 1351, 1352, 1353, 1355, 1356, 1358, 1359, 1363, 1364, 1365, 1366, 1367, 1369, 1371, 1374, 1375, 1376, 1380, 1381, 1384, 1386, 1387, 1390, 1398, 1399, 1405, 1406, 1408, 1410, 1411, 1412, 1414, 1419, 1421, 1424, 1425, 1428, 1429, 1430, 1431, 1432, 1434, 1439, 1440, 1441, 1442, 1443, 1445, 1449, 1453, 1454, 1460, 1468, 1471, 1472, 1477, 1482, 1484, 1488, 1492, 1493, 1494, 1495, 1497, 1498, 1499, 1502, 1503, 1504, 1507, 1513, 1516, 1523, 1524, 1526, 1527, 1528, 1530, 1531, 1534, 1535, 1536, 1537, 1539, 1543, 1547, 1548, 1550, 1551, 1557, 1560, 1562, 1565, 1566, 1569, 1570, 1571, 1572, 1573, 1574, 1583, 1585, 1589, 1590, 1592, 1593, 1594, 1595, 1597, 1598, 1599, 1601, 1602, 1603, 1609, 1610, 1611, 1612, 1615, 1619, 1621, 1623, 1625, 1630, 1632, 1635, 1637, 1640, 1642, 1647, 1649, 1653, 1654, 1655, 1658, 1660, 1663, 1664, 1667, 1668, 1672, 1674, 1677, 1682, 1687, 1691, 1695, 1701, 1705, 1706, 1709, 1710, 1713, 1714, 1718, 1720, 1721, 1724, 1725, 1727, 1728, 1730, 1732, 1734, 1735, 1736, 1744, 1746, 1748, 1750, 1755, 1756, 1763, 1765, 1768, 1769, 1770, 1771, 1775, 1778, 1779, 1781, 1782, 1784, 1785, 1789, 1790, 1791, 1793, 1794, 1795, 1800, 1802, 1806, 1808, 1812, 1815, 1816, 1817, 1824, 1825, 1826, 1828, 1836, 1837, 1840, 1841, 1843, 1844, 1846, 1848, 1852, 1853, 1854, 1855, 1858, 1861, 1864, 1874, 1875, 1878, 1879, 1880, 1881, 1882, 1884, 1886, 1887, 1889, 1890, 1894, 1895, 1898, 1901, 1905, 1908, 1909, 1911, 1914, 1916, 1917, 1918, 1919, 1920, 1925, 1929, 1930, 1931, 1934, 1935, 1942, 1943, 1944, 1946, 1948, 1949, 1952, 1953, 1955, 1956, 1957, 1960, 1963, 1965, 1966, 1967, 1968, 1974, 1975, 1976, 1977, 1978, 1982, 1986, 1988, 1994, 1996, 1997, 2001, 2006, 2010, 2011, 2013, 2015, 2016, 2018, 2023, 2029, 2030, 2033, 2034, 2036, 2038, 2039, 2042, 2044, 2045, 2046, 2048, 2050, 2051, 2052, 2054, 2056, 2057, 2058, 2059, 2060, 2062, 2065, 2067, 2068, 2070, 2072, 2074, 2079, 2081, 2088, 2089, 2091, 2095, 2097, 2100, 2103, 2106, 2110, 2112, 2113, 2114, 2116, 2117, 2121, 2125, 2128, 2129, 2131, 2132, 2136, 2140, 2143, 2144, 2147, 2151, 2153, 2154, 2156, 2159, 2162, 2163, 2167, 2168, 2169, 2171, 2174, 2175, 2178, 2179, 2184, 2187, 2189, 2190, 2193, 2194, 2195, 2197, 2199, 2200, 2204, 2206, 2209, 2210, 2212, 2213, 2218, 2219, 2221, 2222, 2224, 2225, 2228, 2233, 2235, 2239, 2242, 2243, 2246, 2247, 2249, 2250, 2252, 2255, 2256, 2257, 2259, 2260, 2261, 2265, 2266, 2269, 2270, 2273, 2274, 2275, 2276, 2277, 2278, 2284, 2286, 2289, 2290, 2292, 2293, 2299, 2304, 2306, 2307, 2309, 2311, 2315, 2316, 2317, 2320, 2326, 2331, 2336, 2338, 2340, 2343, 2345, 2346, 2347, 2348, 2350, 2352, 2353, 2354, 2355, 2357, 2358, 2361, 2363, 2364, 2365, 2372, 2380, 2381, 2386, 2389, 2391, 2397, 2399, 2401, 2403, 2406, 2408, 2409, 2410, 2412, 2414, 2418, 2419, 2420, 2422, 2429, 2431, 2433, 2440, 2442, 2444, 2446, 2448, 2450, 2451, 2452, 2455, 2457, 2459, 2462, 2465, 2466, 2467, 2469, 2472, 2474, 2476, 2477, 2480, 2483, 2487, 2490, 2491, 2494, 2501, 2502, 2505, 2506, 2507, 2508, 2514, 2518, 2520, 2522, 2523, 2524, 2527, 2531, 2535, 2538, 2539, 2540, 2541, 2544, 2545, 2548, 2552, 2559, 2561, 2562, 2564, 2565, 2568, 2570, 2575, 2577, 2581, 2582, 2586, 2587, 2588, 2589, 2590, 2591, 2594, 2601, 2605, 2606, 2610, 2611, 2613, 2615, 2616, 2620, 2625, 2628, 2629, 2630, 2634, 2636, 2637, 2639, 2641, 2646, 2650, 2651, 2652, 2655, 2659, 2660, 2662, 2664, 2666, 2667, 2668, 2669, 2671, 2675, 2676, 2677, 2678, 2679, 2680, 2682, 2683, 2684, 2686, 2687, 2688, 2690, 2691, 2692, 2693, 2696, 2697, 2701, 2703, 2705, 2706, 2710, 2712, 2715, 2716, 2717, 2718, 2720, 2723, 2726, 2727, 2728, 2729, 2732, 2743, 2744, 2749, 2750, 2751, 2759, 2760, 2761, 2762, 2764, 2765, 2770, 2773, 2775, 2776, 2778, 2779, 2780, 2781, 2783, 2785, 2787, 2791, 2797, 2801, 2802, 2803, 2805, 2806, 2812, 2815, 2816, 2819, 2821, 2822, 2823, 2824, 2825, 2826, 2828, 2831, 2833, 2834, 2836, 2838, 2844, 2845, 2846, 2852, 2853, 2855, 2857, 2858, 2859, 2861, 2864, 2868, 2871, 2872, 2873, 2874, 2876, 2878, 2884, 2885, 2886, 2892, 2893, 2896, 2897, 2899, 2901, 2902, 2904, 2909, 2912, 2913, 2914, 2916, 2917, 2920, 2923, 2924, 2925, 2928, 2930, 2933, 2936, 2937, 2938, 2940, 2942, 2943, 2945, 2946, 2947, 2952, 2953, 2954, 2955, 2957, 2959, 2961, 2965, 2969, 2971, 2976, 2977, 2978, 2979, 2982, 2986, 2987, 2991, 2994, 2995, 3001, 3003, 3004, 3006, 3009, 3010, 3011, 3013, 3022, 3023, 3025, 3026, 3027, 3028, 3030, 3032, 3033, 3034, 3035, 3037, 3039, 3040, 3042, 3044, 3045, 3046, 3049, 3052, 3057, 3058, 3061, 3065, 3068, 3069, 3070, 3071, 3078, 3079, 3080, 3081, 3083, 3085, 3086, 3091, 3096, 3099, 3104, 3105, 3106, 3112, 3113, 3114, 3115, 3118, 3119, 3124, 3130, 3131, 3135, 3137, 3138, 3141, 3142, 3143, 3149, 3152, 3157, 3158, 3164, 3165, 3166, 3167, 3169, 3174, 3175, 3179, 3181, 3182, 3183, 3184, 3193, 3195, 3196, 3197, 3198, 3201, 3203, 3205, 3209, 3210, 3216, 3222, 3223, 3224, 3225, 3226, 3228, 3229, 3231, 3235, 3238, 3241, 3245, 3246, 3249, 3251, 3253, 3256, 3257, 3259, 3261, 3262, 3263, 3264, 3266, 3267, 3271, 3272, 3273, 3274, 3275, 3278, 3280, 3281, 3282, 3283, 3286, 3288, 3291, 3295, 3297, 3299, 3304, 3306, 3308, 3309, 3315, 3316, 3318, 3321, 3322, 3325, 3326, 3327, 3329, 3330, 3331, 3338, 3339, 3340, 3341, 3344, 3345, 3346, 3347, 3348, 3351, 3353, 3354, 3355, 3356, 3357, 3363, 3371, 3372, 3374, 3375, 3377, 3378, 3379, 3380, 3381, 3382, 3384, 3386, 3388, 3389, 3393, 3396, 3397, 3403, 3406, 3408, 3411, 3412, 3414, 3416, 3417, 3419, 3420, 3421, 3425, 3433, 3436, 3438, 3439, 3444, 3450, 3451, 3452, 3453, 3454, 3455, 3458, 3460, 3462, 3468, 3469, 3470, 3473, 3475, 3478, 3479, 3482, 3484, 3486, 3490, 3491, 3492, 3494, 3496, 3501, 3502, 3503, 3504, 3505, 3506, 3507, 3508, 3510, 3513, 3514, 3516, 3517, 3519, 3520, 3525, 3529, 3532, 3534, 3538, 3539, 3540, 3547, 3548, 3549, 3551, 3552, 3555, 3556, 3559, 3562, 3563, 3564, 3568, 3569, 3572, 3573, 3574, 3576, 3577, 3578, 3579, 3585, 3587, 3588, 3589, 3595, 3598, 3599, 3600, 3601, 3602, 3603, 3604, 3605, 3607, 3609, 3610, 3614, 3615, 3617, 3618, 3619, 3620, 3621, 3622, 3624, 3634, 3637, 3641, 3645, 3649, 3651, 3652, 3654, 3656, 3659, 3663, 3664, 3665, 3666, 3669, 3674, 3677, 3679, 3681, 3683, 3685, 3686, 3689, 3692, 3694, 3699, 3703, 3706, 3708, 3711, 3718, 3720, 3725, 3728, 3731, 3734, 3736, 3737, 3740, 3741, 3743, 3744, 3746, 3756, 3757, 3759, 3760, 3761, 3762, 3764, 3765, 3767, 3769, 3770, 3772, 3773, 3774, 3775, 3777, 3778, 3780, 3783, 3788, 3790, 3791, 3795, 3796, 3797, 3798, 3800, 3805, 3813, 3815, 3818, 3823, 3824, 3828, 3829, 3831, 3832, 3834, 3836, 3839, 3840, 3846, 3847, 3849, 3852, 3860, 3861, 3864, 3869, 3870, 3872, 3874, 3877, 3881, 3887, 3888, 3890, 3893, 3897, 3899, 3901, 3902, 3908, 3910, 3916, 3920, 3926, 3931, 3932, 3934, 3935, 3937, 3939, 3950, 3951, 3952, 3954, 3957, 3958, 3960, 3970, 3974, 3976, 3984, 3988, 3989, 3993, 3994, 3995, 3996, 3998, 4000, 4005, 4009, 4010, 4013, 4017, 4020, 4023, 4024, 4030, 4032, 4034, 4035, 4036, 4037, 4040, 4042, 4043, 4045, 4047, 4053, 4057, 4059, 4060, 4063, 4067, 4069, 4070, 4071, 4074, 4075, 4076, 4077, 4078, 4079, 4080, 4083, 4085, 4086, 4090, 4091, 4092, 4093, 4094, 4097, 4098, 4100, 4102, 4103, 4104, 4107, 4113, 4114, 4125, 4129, 4130, 4132, 4133, 4138, 4139, 4140, 4141, 4142, 4144, 4146, 4148, 4151, 4156, 4159, 4162, 4165, 4166, 4168, 4169, 4172, 4176, 4181, 4183, 4189, 4191, 4192, 4196, 4197, 4200, 4203, 4205, 4207, 4208, 4211, 4212, 4215, 4218, 4221, 4222, 4223, 4225, 4226, 4230, 4238, 4239, 4245, 4250, 4252, 4253, 4254, 4255, 4258, 4264, 4270, 4272, 4275, 4279, 4280, 4283, 4285, 4286, 4287, 4288, 4289, 4292, 4293, 4295, 4297, 4301, 4303, 4305, 4306, 4313, 4319, 4321, 4322, 4323, 4327, 4329, 4332, 4335, 4336, 4339, 4344, 4347, 4348, 4352, 4353, 4354, 4356, 4358, 4361, 4362, 4364, 4365, 4369, 4373, 4374, 4375, 4376, 4377, 4378, 4379, 4382, 4386, 4387, 4388, 4389, 4391, 4394, 4396, 4399, 4400, 4401, 4402, 4403, 4405, 4406, 4409, 4412, 4418, 4420, 4424, 4426, 4428, 4429, 4430, 4432, 4434, 4438, 4440, 4441, 4444, 4447, 4448, 4449, 4451, 4452, 4454, 4457, 4458, 4459, 4463, 4464, 4465, 4476, 4479, 4481, 4484, 4486, 4487, 4488, 4490, 4504, 4505, 4506, 4514, 4517, 4518, 4520, 4522, 4524, 4527, 4529, 4530, 4533, 4534, 4535, 4539, 4540, 4541, 4542, 4544, 4547, 4552, 4553, 4554, 4555, 4561, 4563, 4564, 4565, 4569, 4570, 4572, 4573, 4575, 4578, 4579, 4580, 4581, 4584, 4587, 4588, 4589, 4591, 4592, 4593, 4594, 4595, 4599, 4602, 4603, 4605, 4607, 4609, 4615, 4620, 4621, 4623, 4624, 4628, 4630, 4631, 4634, 4635, 4638, 4643, 4646, 4649, 4650, 4652, 4658, 4659, 4660, 4662, 4665, 4666, 4668, 4669, 4674, 4678, 4680, 4681, 4682, 4685, 4686, 4687, 4689, 4692, 4693, 4694, 4697, 4701, 4703, 4704, 4705, 4708, 4710, 4714, 4716, 4720, 4721, 4722, 4723, 4725, 4726, 4728, 4729, 4736, 4738, 4739, 4744, 4745, 4748, 4749, 4751, 4755, 4758, 4760, 4766, 4770, 4775, 4776, 4778, 4779, 4781, 4784, 4785, 4787, 4792, 4793, 4794, 4801, 4802, 4804, 4806, 4807, 4809, 4810, 4813, 4816, 4817, 4824, 4827, 4832, 4833, 4837, 4838, 4839, 4841, 4842, 4847, 4851, 4853, 4854, 4858, 4859, 4862, 4863, 4864, 4875, 4876, 4877, 4879, 4882, 4883, 4887, 4889, 4892, 4893, 4894, 4895, 4897, 4905, 4908, 4909, 4912, 4914, 4917, 4919, 4921, 4924, 4927, 4928, 4931, 4935, 4936, 4937, 4940, 4943, 4953, 4955, 4960, 4964, 4965, 4966, 4967, 4968, 4971, 4973, 4977, 4982, 4983, 4987, 4989, 4992, 4993, 4995, 4996, 4998, 4999]
Packed_weights: [405, 784, 477, 909, 282, 756, 910, 811, 903, 730, 684, 435, 967, 261, 549, 15, 720, 399, 825, 669, 868, 871, 192, 804, 81, 321, 933, 552, 964, 588, 597, 576, 291, 657, 477, 90, 877, 924, 843, 924, 276, 850, 997, 846, 732, 795, 333, 816, 147, 681, 27, 576, 981, 801, 937, 426, 102, 351, 504, 732, 919, 967, 846, 597, 570, 312, 838, 561, 742, 336, 954, 288, 360, 651, 240, 876, 702, 663, 528, 756, 495, 810, 876, 813, 189, 1000, 84, 726, 987, 402, 718, 3, 823, 874, 979, 453, 793, 862, 651, 348, 279, 681, 939, 910, 750, 702, 903, 588, 9, 790, 339, 621, 42, 982, 549, 294, 240, 180, 909, 841, 480, 735, 895, 627, 975, 639, 66, 750, 489, 585, 369, 261, 778, 432, 864, 904, 948, 216, 147, 198, 918, 219, 963, 900, 819, 36, 843, 808, 844, 657, 969, 991, 747, 906, 207, 826, 483, 792, 852, 799, 657, 507, 255, 66, 943, 303, 811, 63, 288, 36, 492, 864, 718, 987, 612, 387, 48, 471, 33, 618, 630, 384, 777, 882, 468, 633, 789, 912, 873, 811, 786, 783, 757, 456, 790, 45, 945, 216, 820, 889, 780, 699, 306, 114, 426, 567, 936, 774, 735, 447, 687, 963, 723, 360, 30, 348, 975, 820, 894, 939, 345, 960, 967, 363, 474, 636, 993, 898, 946, 805, 243, 420, 21, 78, 741, 423, 949, 729, 321, 204, 294, 471, 951, 796, 447, 399, 768, 432, 204, 699, 769, 546, 762, 985, 582, 756, 909, 36, 793, 306, 531, 411, 789, 372, 669, 477, 889, 868, 687, 742, 42, 621, 874, 288, 898, 525, 790, 807, 390, 57, 639, 174, 705, 513, 285, 354, 459, 957, 955, 930, 705, 216, 655, 141, 787, 681, 922, 883, 795, 456, 45, 369, 210, 525, 736, 255, 45, 48, 810, 979, 99, 766, 441, 78, 129, 435, 558, 297, 537, 261, 784, 99, 733, 249, 285, 660, 742, 516, 738, 675, 222, 832, 519, 675, 234, 810, 396, 976, 766, 775, 570, 696, 733, 817, 760, 354, 901, 834, 456, 495, 954, 822, 786, 60, 39, 727, 726, 261, 672, 357, 540, 733, 45, 654, 63, 973, 423, 177, 987, 748, 264, 736, 687, 42, 922, 733, 841, 807, 684, 928, 621, 733, 933, 90, 237, 736, 405, 270, 393, 901, 978, 687, 456, 21, 681, 687, 979, 972, 567, 330, 969, 925, 721, 354, 900, 748, 817, 324, 783, 988, 141, 126, 930, 949, 819, 748, 549, 174, 111, 504, 606, 285, 429, 991, 718, 555, 991, 783, 792, 751, 156, 924, 564, 615, 805, 942, 681, 892, 945, 927, 78, 745, 450, 807, 705, 165, 924, 928, 882, 774, 763, 387, 390, 39, 711, 474, 522, 42, 348, 111, 846, 946, 315, 906, 985, 765, 276, 405, 60, 126, 642, 765, 555, 745, 345, 814, 261, 936, 999, 156, 901, 39, 642, 72, 459, 477, 813, 834, 513, 988, 862, 886, 414, 63, 312, 390, 768, 78, 757, 804, 351, 654, 555, 81, 859, 648, 96, 910, 288, 549, 147, 921, 243, 879, 946, 483, 888, 45, 282, 171, 879, 877, 138, 931, 6, 390, 802, 1000, 825, 39, 778, 612, 27, 333, 138, 534, 408, 967, 432, 582, 886, 372, 612, 799, 714, 27, 871, 925, 714, 162, 591, 997, 504, 934, 754, 958, 177, 297, 432, 270, 399, 711, 681, 778, 819, 357, 882, 736, 717, 336, 963, 855, 864, 900, 696, 913, 985, 744, 306, 993, 949, 996, 813, 684, 705, 936, 648, 645, 982, 615, 453, 585, 828, 78, 921, 828, 850, 879, 609, 135, 886, 930, 87, 507, 456, 480, 102, 834, 645, 853, 832, 144, 69, 69, 954, 111, 865, 823, 756, 6, 312, 225, 78, 759, 936, 360, 402, 501, 471, 657, 916, 432, 360, 994, 867, 480, 345, 384, 981, 315, 684, 318, 891, 228, 985, 576, 201, 327, 114, 798, 234, 117, 742, 198, 897, 847, 808, 766, 270, 828, 678, 93, 946, 715, 273, 693, 621, 912, 894, 417, 378, 336, 822, 234, 249, 936, 24, 724, 405, 765, 447, 654, 600, 930, 969, 300, 156, 871, 766, 678, 802, 888, 724, 924, 435, 618, 243, 844, 135, 444, 675, 862, 426, 886, 339, 558, 357, 846, 147, 954, 705, 874, 997, 381, 420, 768, 240, 864, 513, 594, 279, 507, 825, 264, 627, 564, 994, 480, 730, 435, 963, 762, 886, 804, 825, 339, 162, 345, 996, 862, 486, 348, 558, 708, 996, 609, 270, 973, 1000, 853, 829, 984, 84, 820, 309, 951, 36, 612, 513, 450, 81, 997, 699, 639, 270, 871, 850, 693, 141, 786, 123, 375, 808, 384, 309, 825, 961, 754, 282, 405, 471, 937, 855, 222, 552, 882, 582, 988, 300, 868, 796, 742, 790, 63, 168, 213, 534, 12, 826, 984, 276, 727, 243, 210, 855, 447, 778, 762, 135, 627, 510, 964, 480, 735, 834, 474, 441, 381, 579, 696, 675, 844, 189, 510, 808, 901, 778, 507, 342, 651, 730, 969, 459, 69, 874, 940, 186, 174, 966, 991, 832, 823, 783, 769, 15, 921, 612, 862, 906, 898, 648, 931, 420, 715, 978, 609, 78, 805, 108, 715, 609, 924, 687, 813, 775, 774, 747, 483, 687, 765, 786, 636, 510, 537, 75, 15, 123, 978, 886, 820, 393, 987, 600, 561, 837, 879, 942, 831, 288, 9, 774, 285, 939, 333, 741, 324, 579, 63, 486, 384, 426, 75, 645, 829, 156, 525, 666, 727, 744, 778, 384, 978, 513, 111, 546, 519, 943, 180, 270, 915, 648, 237, 888, 684, 739, 165, 288, 879, 708, 999, 600, 174, 579, 979, 513, 369, 963, 537, 885, 943, 144, 760, 537, 711, 922, 480, 606, 390, 354, 957, 558, 81, 420, 315, 936, 874, 864, 984, 763, 615, 309, 900, 853, 727, 996, 990, 855, 733, 597, 96, 564, 21, 789, 129, 943, 865, 198, 909, 591, 735, 975, 871, 18, 480, 816, 853, 867, 792, 144, 42, 882, 189, 273, 970, 66, 955, 909, 96, 853, 918, 423, 897, 537, 762, 69, 441, 345, 736, 384, 126, 576, 750, 168, 888, 219, 925, 432, 642, 801, 603, 769, 645, 975, 441, 213, 237, 291, 330, 721, 715, 231, 922, 18, 321, 360, 192, 522, 726, 36, 441, 288, 831, 156, 573, 942, 537, 937, 840, 471, 927, 246, 861, 684, 261, 793, 582, 955, 651, 144, 822, 621, 270, 468, 781, 579, 333, 297, 777, 144, 873, 213, 766, 711, 925, 636, 237, 648, 904, 450, 387, 777, 612, 258, 471, 516, 498, 951, 339, 861, 921, 780, 762, 913, 850, 411, 585, 987, 558, 453, 525, 841, 558, 678, 754, 453, 375, 462, 546, 108, 889, 741, 246, 837, 258, 168, 705, 561, 123, 384, 369, 426, 807, 603, 853, 738, 718, 273, 880, 901, 324, 24, 789, 102, 730, 819, 183, 817, 952, 552, 33, 414, 954, 441, 12, 69, 993, 660, 720, 405, 279, 744, 3, 832, 867, 702, 39, 381, 645, 762, 772, 972, 636, 675, 432, 969, 715, 834, 441, 66, 156, 822, 498, 988, 919, 438, 432, 441, 958, 117, 798, 33, 820, 462, 60, 651, 829, 934, 549, 877, 369, 868, 948, 561, 796, 66, 778, 718, 888, 540, 850, 81, 507, 36, 880, 249, 730, 897, 699, 909, 243, 153, 778, 144, 741, 693, 126, 966, 873, 657, 814, 324, 96, 252, 243, 958, 775, 991, 558, 333, 967, 981, 723, 996, 933, 861, 927, 823, 171, 567, 594, 814, 330, 549, 198, 967, 754, 891, 450, 822, 366, 772, 480, 723, 901, 921, 765, 15, 189, 414, 393, 429, 1000, 828, 933, 909, 3, 912, 99, 177, 903, 465, 285, 24, 732, 762, 723, 966, 799, 810, 949, 745, 186, 588, 789, 129, 934, 441, 783, 846, 492, 724, 895, 504, 934, 195, 27, 471, 51, 564, 564, 81, 357, 468, 330, 882, 111, 997, 366, 771, 405, 267, 810, 762, 72, 811, 976, 705, 804, 498, 273, 357, 714, 117, 759, 856, 865, 558, 897, 90, 114, 633, 835, 748, 303, 826, 903, 765, 627, 162, 736, 870, 798, 459, 57, 930, 66, 916, 237, 861, 663, 270, 549, 834, 312, 174, 531, 871, 318, 495, 738, 27, 739, 807, 766, 759, 732, 895, 360, 531, 369, 393, 886, 738, 892, 414, 330, 267, 871, 444, 402, 336, 895, 910, 429, 813, 952, 171, 870, 841, 855, 937, 435, 844, 39, 738, 90, 747, 940, 138, 96, 489, 336, 891, 204, 444, 141, 840, 96, 904, 925, 793, 711, 63, 885, 927, 246, 60, 979, 561, 735, 1000, 744, 792, 820, 405, 24, 906, 132, 819, 330, 27, 852, 952, 808, 757, 864, 870, 924, 642, 960, 933, 360, 591, 814, 93, 192, 39, 874, 846, 877, 474, 522, 597, 396, 714, 855, 955, 294, 727, 282, 378, 999, 828, 927, 570, 216, 717, 795, 811, 606, 609, 438, 261, 537, 189, 546, 621, 895, 792, 963, 724, 838, 597, 819, 9, 234, 813, 573, 648, 735, 651, 108, 817, 381, 519, 924, 678, 513, 838, 198, 36, 120, 330, 144, 808, 757, 975, 858, 498, 793, 786, 411, 561, 814, 919, 525, 216, 225, 729, 114, 790, 766, 45, 780, 862, 775, 372, 294, 996, 360, 195, 831, 189, 252, 904, 27, 534, 805, 201, 969, 501, 423, 180, 798, 288, 847, 849, 690, 78, 801, 987, 507, 63, 766, 402, 483, 822, 312, 141, 690, 594, 69, 108, 942, 963, 981, 910, 567, 405, 742, 228, 150, 972, 150, 735, 684, 699, 934, 882, 42, 711, 723, 745, 903, 804, 672, 444, 243, 363, 948, 18, 582, 309, 855, 144, 51, 243, 318, 21, 633, 913, 768, 865, 537, 498, 844, 213, 141, 42, 727, 615, 450, 15, 636, 459, 567, 264, 663, 738, 822, 975, 963, 453, 588, 312, 717, 867, 744, 810, 996, 330, 558, 937, 907, 237, 858, 945, 402, 447, 477, 759, 342, 222, 969, 84, 967, 333, 285, 477, 303, 925, 627, 819, 832, 174, 348, 234, 48, 865, 696, 738, 138, 285, 69, 339, 48, 708, 972, 973, 150, 573, 447, 850, 627, 6, 859, 564, 795, 408, 765, 987, 948, 576, 213, 525, 939, 924, 150, 856, 180, 81, 663, 820, 207, 969, 996, 690, 426, 168, 831, 868, 228, 126, 18, 789, 865, 696, 624, 960, 852, 948, 771, 825, 870, 718, 745, 828, 345, 798, 291, 997, 843, 808, 693, 942, 864, 210, 348, 874, 105, 186, 945, 372, 414, 525, 261, 108, 555, 558, 57, 342, 318, 802, 120, 873, 871, 546, 888, 807, 387, 366, 811, 976, 834, 808, 714, 42, 900, 138, 216, 849, 858, 12, 102, 754, 363, 882, 864, 510, 213, 906, 102, 993, 789, 150, 138, 715, 477, 552, 624, 450, 805, 603, 597, 799, 609, 306, 870, 225, 816, 732, 795, 549, 408, 624, 901, 796, 63, 654, 675, 621, 747, 835, 156, 240, 489, 459, 874, 999, 156, 873, 813, 742, 597, 333, 843, 925, 963, 435, 381, 744, 984, 831, 844, 243, 943, 213, 868, 864, 477, 985, 639, 787, 925, 573, 15, 87, 165, 333, 751, 270, 621, 718, 808, 39, 654, 864, 27, 678, 510, 378, 489, 835, 861, 516, 735, 738, 60, 958, 990, 897, 888, 958, 186, 435, 174, 714, 177, 750, 867, 606, 231, 573, 859, 756, 813, 954, 612, 375, 537, 252, 354, 892, 657, 933, 576, 711, 75, 456, 868, 345, 279, 567, 801, 189, 666, 936, 834, 724, 540, 720, 928, 696, 285, 132, 420, 402, 156, 42, 760, 279, 990, 757, 615, 711, 892, 666, 45, 102, 858, 741, 69, 201, 822, 678, 162, 990, 525, 321, 733, 81, 768, 456, 796, 669, 930, 591, 657, 480, 309, 753, 982, 690, 889, 648, 210, 666, 730, 873, 585, 768, 456, 6, 642, 901, 438, 702, 33, 249, 771, 597, 174, 606, 252, 763, 892, 450, 48, 57, 864, 768, 934, 81, 726, 981, 847, 621, 186, 877, 111, 958, 966, 660, 573, 733, 753, 234, 828, 736, 943, 763, 591, 681, 111, 135, 789, 918, 54, 942, 898, 138, 336, 534, 841, 957, 501, 775, 462, 963, 895, 868, 603, 901, 795, 814, 886, 730, 423, 240, 820, 793, 69, 853, 378, 787, 549, 153, 768, 171, 138, 931, 204, 438, 636, 639, 231, 66, 648, 796, 357, 618, 345, 411, 537, 645, 24, 708, 951, 675, 921, 477, 387, 870, 192, 510, 814, 339, 171, 672, 721, 486, 480, 930, 588, 949, 975, 786, 534, 922, 916, 997, 105, 423, 790, 843, 760, 672, 93, 861, 985, 936, 630, 732, 420, 696, 294, 816, 495, 486, 844, 198, 990, 990, 324, 967, 852, 420, 961, 438, 858, 495, 342, 456, 33, 900, 951, 471, 504, 426, 306, 195, 405, 730, 150, 606, 483, 675, 294, 979, 942, 982, 994]
Run time:180.0125856399536
--------------------------------------------
----------Test case: n10000------------
Total value = 2479956
Total weight: 2480964
Packed items: [5, 6, 8, 10, 12, 13, 16, 18, 19, 21, 23, 26, 29, 32, 34, 35, 36, 37, 38, 39, 42, 45, 46, 50, 52, 53, 55, 57, 62, 64, 66, 68, 69, 73, 74, 75, 77, 78, 79, 81, 84, 85, 87, 94, 101, 103, 106, 107, 108, 110, 116, 117, 120, 123, 130, 131, 133, 134, 138, 140, 146, 148, 151, 154, 157, 162, 164, 166, 168, 170, 171, 175, 177, 178, 185, 189, 192, 196, 198, 203, 206, 208, 211, 212, 213, 214, 215, 217, 218, 219, 220, 224, 225, 226, 231, 233, 239, 240, 241, 244, 245, 247, 250, 253, 254, 256, 257, 260, 265, 266, 269, 271, 272, 273, 275, 278, 279, 281, 283, 290, 292, 295, 296, 299, 300, 302, 304, 305, 306, 308, 314, 315, 318, 320, 321, 322, 325, 326, 327, 334, 335, 336, 337, 348, 355, 357, 358, 359, 360, 364, 367, 375, 379, 380, 388, 389, 390, 391, 394, 395, 396, 399, 400, 401, 404, 405, 406, 408, 409, 411, 412, 415, 418, 420, 421, 422, 425, 427, 428, 429, 430, 432, 433, 434, 438, 439, 441, 443, 444, 449, 451, 454, 456, 458, 460, 462, 463, 464, 466, 470, 473, 475, 476, 477, 478, 480, 481, 482, 483, 485, 488, 489, 491, 492, 495, 496, 499, 500, 501, 503, 504, 506, 510, 519, 520, 522, 523, 524, 528, 530, 534, 535, 536, 538, 541, 544, 545, 549, 551, 556, 560, 561, 562, 563, 564, 565, 570, 571, 572, 573, 574, 582, 584, 588, 590, 597, 599, 605, 610, 611, 613, 614, 615, 617, 627, 631, 633, 640, 644, 655, 659, 660, 661, 664, 665, 667, 668, 672, 678, 681, 682, 686, 688, 689, 699, 700, 701, 704, 705, 706, 708, 709, 712, 713, 714, 718, 719, 725, 726, 727, 730, 734, 735, 737, 740, 741, 742, 743, 747, 750, 753, 758, 759, 760, 764, 765, 768, 769, 776, 780, 781, 785, 788, 789, 792, 793, 794, 795, 796, 798, 799, 800, 805, 807, 810, 811, 813, 814, 815, 819, 825, 826, 829, 831, 832, 833, 835, 836, 837, 838, 841, 843, 846, 851, 852, 859, 860, 862, 863, 864, 868, 870, 871, 873, 874, 875, 880, 882, 884, 885, 886, 891, 893, 894, 897, 899, 900, 902, 903, 910, 913, 917, 920, 923, 925, 931, 933, 935, 938, 940, 941, 942, 944, 946, 948, 952, 953, 957, 960, 964, 968, 969, 971, 972, 973, 974, 976, 978, 980, 982, 984, 989, 990, 992, 994, 996, 997, 998, 1001, 1003, 1005, 1008, 1012, 1013, 1015, 1018, 1019, 1020, 1021, 1024, 1025, 1027, 1028, 1030, 1031, 1033, 1034, 1039, 1040, 1044, 1045, 1051, 1053, 1054, 1055, 1057, 1058, 1060, 1061, 1063, 1064, 1065, 1069, 1070, 1076, 1077, 1080, 1082, 1086, 1089, 1090, 1091, 1093, 1096, 1100, 1101, 1102, 1103, 1104, 1105, 1106, 1109, 1111, 1112, 1115, 1116, 1120, 1121, 1124, 1128, 1130, 1134, 1135, 1136, 1137, 1139, 1141, 1145, 1149, 1153, 1158, 1163, 1164, 1165, 1166, 1172, 1174, 1175, 1176, 1177, 1179, 1180, 1183, 1187, 1190, 1198, 1201, 1204, 1207, 1211, 1213, 1214, 1220, 1222, 1226, 1227, 1229, 1231, 1232, 1234, 1235, 1236, 1238, 1240, 1241, 1244, 1246, 1247, 1250, 1251, 1252, 1253, 1254, 1256, 1258, 1259, 1261, 1265, 1268, 1270, 1272, 1274, 1276, 1277, 1284, 1287, 1288, 1290, 1295, 1300, 1301, 1303, 1305, 1306, 1308, 1311, 1312, 1314, 1315, 1320, 1322, 1323, 1325, 1328, 1330, 1337, 1339, 1340, 1341, 1348, 1349, 1350, 1351, 1352, 1353, 1355, 1356, 1358, 1359, 1363, 1364, 1365, 1366, 1367, 1369, 1371, 1374, 1375, 1376, 1380, 1381, 1383, 1384, 1386, 1387, 1390, 1398, 1399, 1405, 1406, 1408, 1410, 1411, 1412, 1414, 1416, 1419, 1421, 1424, 1425, 1428, 1429, 1430, 1431, 1432, 1434, 1439, 1440, 1441, 1442, 1443, 1445, 1449, 1453, 1454, 1460, 1468, 1471, 1472, 1477, 1482, 1484, 1488, 1492, 1493, 1494, 1495, 1497, 1498, 1499, 1502, 1503, 1504, 1507, 1513, 1516, 1523, 1524, 1526, 1527, 1528, 1530, 1531, 1534, 1535, 1536, 1537, 1539, 1543, 1547, 1548, 1550, 1551, 1557, 1560, 1561, 1562, 1565, 1566, 1569, 1570, 1571, 1572, 1573, 1574, 1583, 1585, 1589, 1590, 1592, 1593, 1594, 1595, 1597, 1598, 1599, 1601, 1602, 1603, 1609, 1610, 1611, 1612, 1615, 1619, 1621, 1623, 1625, 1630, 1632, 1635, 1637, 1640, 1642, 1647, 1649, 1653, 1654, 1655, 1658, 1660, 1663, 1664, 1667, 1668, 1672, 1674, 1677, 1682, 1687, 1691, 1695, 1701, 1705, 1706, 1709, 1710, 1713, 1714, 1718, 1720, 1721, 1724, 1725, 1727, 1728, 1730, 1732, 1734, 1735, 1736, 1744, 1746, 1748, 1750, 1755, 1756, 1763, 1765, 1768, 1769, 1770, 1771, 1775, 1778, 1779, 1781, 1782, 1784, 1785, 1789, 1790, 1791, 1793, 1794, 1795, 1798, 1800, 1802, 1806, 1808, 1812, 1815, 1816, 1817, 1823, 1824, 1825, 1826, 1828, 1836, 1837, 1840, 1841, 1843, 1844, 1846, 1848, 1852, 1853, 1854, 1855, 1858, 1861, 1864, 1874, 1875, 1878, 1879, 1880, 1881, 1882, 1884, 1886, 1887, 1889, 1890, 1894, 1895, 1898, 1901, 1905, 1908, 1909, 1911, 1914, 1916, 1917, 1918, 1919, 1920, 1925, 1929, 1930, 1931, 1934, 1935, 1942, 1943, 1944, 1946, 1948, 1949, 1952, 1953, 1955, 1956, 1957, 1960, 1963, 1965, 1966, 1967, 1968, 1974, 1975, 1976, 1977, 1978, 1982, 1986, 1988, 1994, 1995, 1996, 1997, 2001, 2006, 2010, 2011, 2013, 2015, 2016, 2018, 2023, 2029, 2030, 2033, 2034, 2036, 2038, 2039, 2042, 2044, 2045, 2046, 2048, 2050, 2051, 2052, 2054, 2056, 2057, 2058, 2059, 2060, 2062, 2065, 2067, 2068, 2070, 2072, 2074, 2079, 2081, 2088, 2089, 2091, 2095, 2097, 2100, 2103, 2106, 2110, 2112, 2113, 2114, 2116, 2117, 2121, 2125, 2128, 2129, 2131, 2132, 2136, 2140, 2143, 2144, 2147, 2151, 2153, 2154, 2156, 2159, 2162, 2163, 2167, 2168, 2169, 2171, 2174, 2175, 2178, 2179, 2184, 2187, 2189, 2190, 2193, 2194, 2195, 2197, 2199, 2200, 2204, 2206, 2209, 2210, 2212, 2213, 2218, 2219, 2221, 2222, 2224, 2225, 2228, 2233, 2235, 2239, 2242, 2243, 2246, 2247, 2249, 2250, 2252, 2255, 2256, 2257, 2259, 2260, 2261, 2265, 2266, 2269, 2270, 2273, 2274, 2275, 2276, 2277, 2278, 2284, 2286, 2289, 2290, 2292, 2293, 2299, 2304, 2306, 2307, 2309, 2311, 2314, 2315, 2316, 2317, 2320, 2326, 2331, 2336, 2338, 2340, 2343, 2345, 2346, 2347, 2348, 2350, 2352, 2353, 2354, 2355, 2357, 2358, 2361, 2363, 2364, 2365, 2372, 2380, 2381, 2386, 2389, 2391, 2397, 2399, 2401, 2403, 2406, 2408, 2409, 2410, 2412, 2414, 2418, 2419, 2420, 2422, 2429, 2431, 2433, 2440, 2442, 2444, 2446, 2448, 2450, 2451, 2452, 2455, 2457, 2459, 2462, 2465, 2466, 2467, 2469, 2472, 2474, 2476, 2477, 2480, 2482, 2483, 2487, 2490, 2491, 2494, 2501, 2502, 2505, 2506, 2507, 2508, 2510, 2514, 2518, 2520, 2522, 2523, 2524, 2527, 2531, 2535, 2538, 2539, 2540, 2541, 2544, 2545, 2548, 2552, 2559, 2561, 2562, 2564, 2565, 2568, 2569, 2570, 2575, 2577, 2581, 2582, 2586, 2587, 2588, 2589, 2590, 2591, 2594, 2601, 2605, 2606, 2610, 2611, 2613, 2615, 2616, 2620, 2625, 2628, 2629, 2630, 2634, 2636, 2637, 2639, 2641, 2646, 2650, 2651, 2652, 2655, 2659, 2660, 2662, 2664, 2666, 2667, 2668, 2669, 2671, 2672, 2675, 2676, 2677, 2678, 2679, 2680, 2682, 2683, 2684, 2686, 2687, 2688, 2690, 2691, 2692, 2693, 2696, 2697, 2701, 2703, 2705, 2706, 2710, 2712, 2715, 2716, 2717, 2718, 2720, 2723, 2726, 2727, 2728, 2729, 2732, 2743, 2744, 2749, 2750, 2751, 2759, 2760, 2761, 2762, 2764, 2765, 2770, 2773, 2775, 2776, 2778, 2779, 2780, 2781, 2783, 2785, 2787, 2791, 2797, 2801, 2802, 2803, 2805, 2806, 2812, 2815, 2816, 2819, 2821, 2822, 2823, 2824, 2825, 2826, 2828, 2831, 2833, 2834, 2836, 2838, 2844, 2845, 2846, 2852, 2853, 2855, 2857, 2858, 2859, 2861, 2864, 2868, 2871, 2872, 2873, 2874, 2876, 2878, 2884, 2885, 2886, 2892, 2893, 2894, 2896, 2897, 2899, 2901, 2902, 2904, 2909, 2912, 2913, 2914, 2916, 2917, 2920, 2923, 2924, 2925, 2928, 2930, 2933, 2936, 2937, 2938, 2940, 2942, 2943, 2945, 2946, 2947, 2952, 2953, 2954, 2955, 2957, 2959, 2961, 2965, 2969, 2971, 2976, 2977, 2978, 2979, 2982, 2986, 2987, 2991, 2994, 2995, 3001, 3003, 3004, 3006, 3009, 3010, 3011, 3013, 3022, 3023, 3025, 3026, 3027, 3028, 3030, 3032, 3033, 3034, 3035, 3037, 3039, 3040, 3042, 3044, 3045, 3046, 3049, 3052, 3057, 3058, 3061, 3065, 3068, 3069, 3070, 3071, 3078, 3079, 3080, 3081, 3083, 3085, 3086, 3091, 3096, 3099, 3104, 3105, 3106, 3112, 3113, 3114, 3115, 3117, 3118, 3119, 3124, 3130, 3131, 3135, 3137, 3138, 3141, 3142, 3143, 3149, 3152, 3157, 3158, 3164, 3165, 3166, 3167, 3169, 3174, 3175, 3179, 3181, 3182, 3183, 3184, 3193, 3195, 3196, 3197, 3198, 3201, 3203, 3205, 3209, 3210, 3216, 3222, 3223, 3224, 3225, 3226, 3228, 3229, 3231, 3233, 3235, 3238, 3241, 3245, 3246, 3249, 3251, 3253, 3256, 3257, 3259, 3261, 3262, 3263, 3264, 3266, 3267, 3271, 3272, 3273, 3274, 3275, 3278, 3280, 3281, 3282, 3283, 3286, 3288, 3291, 3295, 3297, 3299, 3304, 3306, 3308, 3309, 3315, 3316, 3318, 3321, 3322, 3325, 3326, 3327, 3329, 3330, 3331, 3338, 3339, 3340, 3341, 3344, 3345, 3346, 3347, 3348, 3351, 3353, 3354, 3355, 3356, 3357, 3363, 3371, 3372, 3374, 3375, 3377, 3378, 3379, 3380, 3381, 3382, 3384, 3386, 3388, 3389, 3393, 3396, 3397, 3403, 3406, 3408, 3411, 3412, 3414, 3416, 3417, 3419, 3420, 3421, 3425, 3433, 3436, 3438, 3439, 3444, 3450, 3451, 3452, 3453, 3454, 3455, 3458, 3460, 3462, 3468, 3469, 3470, 3473, 3475, 3478, 3479, 3482, 3484, 3486, 3490, 3491, 3492, 3494, 3496, 3501, 3502, 3503, 3504, 3505, 3506, 3507, 3508, 3510, 3513, 3514, 3516, 3517, 3519, 3520, 3525, 3529, 3532, 3534, 3538, 3539, 3540, 3547, 3548, 3549, 3551, 3552, 3555, 3556, 3559, 3562, 3563, 3564, 3568, 3569, 3572, 3573, 3574, 3576, 3577, 3578, 3579, 3585, 3587, 3588, 3589, 3595, 3598, 3599, 3600, 3601, 3602, 3603, 3604, 3605, 3607, 3609, 3610, 3614, 3615, 3617, 3618, 3619, 3620, 3621, 3622, 3624, 3634, 3637, 3641, 3645, 3649, 3651, 3652, 3654, 3656, 3659, 3663, 3664, 3665, 3666, 3669, 3671, 3674, 3677, 3679, 3681, 3683, 3685, 3686, 3689, 3692, 3694, 3699, 3703, 3706, 3708, 3711, 3718, 3720, 3725, 3728, 3731, 3734, 3736, 3737, 3740, 3741, 3743, 3744, 3746, 3756, 3757, 3759, 3760, 3761, 3762, 3764, 3765, 3767, 3769, 3770, 3772, 3773, 3774, 3775, 3777, 3778, 3780, 3783, 3788, 3790, 3791, 3795, 3796, 3797, 3798, 3800, 3805, 3813, 3815, 3818, 3823, 3824, 3828, 3829, 3831, 3832, 3834, 3836, 3839, 3840, 3846, 3847, 3849, 3852, 3858, 3860, 3861, 3864, 3869, 3870, 3872, 3874, 3877, 3881, 3887, 3888, 3890, 3893, 3897, 3899, 3901, 3902, 3908, 3910, 3916, 3920, 3926, 3931, 3932, 3934, 3935, 3937, 3939, 3950, 3951, 3952, 3954, 3957, 3958, 3960, 3970, 3974, 3976, 3984, 3988, 3989, 3993, 3994, 3995, 3996, 3998, 4000, 4005, 4009, 4010, 4013, 4017, 4020, 4023, 4024, 4030, 4032, 4034, 4035, 4036, 4037, 4040, 4042, 4043, 4045, 4047, 4053, 4057, 4059, 4060, 4063, 4067, 4069, 4070, 4071, 4074, 4075, 4076, 4077, 4078, 4079, 4080, 4083, 4085, 4086, 4090, 4091, 4092, 4093, 4094, 4097, 4098, 4100, 4102, 4103, 4104, 4107, 4113, 4114, 4125, 4129, 4130, 4132, 4133, 4138, 4139, 4140, 4141, 4142, 4144, 4146, 4148, 4151, 4156, 4159, 4162, 4165, 4166, 4168, 4169, 4172, 4176, 4181, 4183, 4189, 4191, 4192, 4196, 4197, 4200, 4203, 4205, 4207, 4208, 4211, 4212, 4215, 4218, 4221, 4222, 4223, 4225, 4226, 4230, 4238, 4239, 4245, 4250, 4252, 4253, 4254, 4255, 4258, 4264, 4270, 4272, 4275, 4279, 4280, 4283, 4285, 4286, 4287, 4288, 4289, 4292, 4293, 4295, 4297, 4301, 4303, 4305, 4306, 4313, 4319, 4321, 4322, 4323, 4327, 4329, 4332, 4335, 4336, 4339, 4344, 4347, 4348, 4352, 4353, 4354, 4356, 4358, 4361, 4362, 4364, 4365, 4368, 4369, 4373, 4374, 4375, 4376, 4377, 4378, 4379, 4382, 4386, 4387, 4388, 4389, 4391, 4394, 4396, 4399, 4400, 4401, 4402, 4403, 4405, 4406, 4409, 4412, 4418, 4420, 4424, 4426, 4428, 4429, 4430, 4432, 4434, 4438, 4440, 4441, 4444, 4447, 4448, 4449, 4451, 4452, 4454, 4457, 4458, 4459, 4463, 4464, 4465, 4476, 4479, 4481, 4484, 4486, 4487, 4488, 4490, 4504, 4505, 4506, 4514, 4517, 4518, 4520, 4522, 4524, 4527, 4529, 4530, 4533, 4534, 4535, 4539, 4540, 4541, 4542, 4544, 4547, 4552, 4553, 4554, 4555, 4561, 4563, 4564, 4565, 4569, 4570, 4572, 4573, 4575, 4578, 4579, 4580, 4581, 4584, 4587, 4588, 4589, 4591, 4592, 4593, 4594, 4595, 4599, 4602, 4603, 4605, 4607, 4609, 4615, 4620, 4621, 4623, 4624, 4628, 4630, 4631, 4634, 4635, 4638, 4643, 4646, 4649, 4650, 4652, 4658, 4659, 4660, 4662, 4665, 4666, 4668, 4669, 4674, 4678, 4680, 4681, 4682, 4685, 4686, 4687, 4689, 4692, 4693, 4694, 4697, 4701, 4703, 4704, 4705, 4708, 4710, 4714, 4716, 4720, 4721, 4722, 4723, 4725, 4726, 4728, 4729, 4736, 4738, 4739, 4744, 4745, 4748, 4749, 4751, 4755, 4758, 4760, 4766, 4768, 4770, 4775, 4776, 4778, 4779, 4781, 4784, 4785, 4787, 4792, 4793, 4794, 4801, 4802, 4804, 4806, 4807, 4809, 4810, 4813, 4816, 4817, 4824, 4827, 4832, 4833, 4837, 4838, 4839, 4841, 4842, 4847, 4851, 4853, 4854, 4858, 4859, 4862, 4863, 4864, 4875, 4876, 4877, 4879, 4882, 4883, 4887, 4889, 4892, 4893, 4894, 4895, 4897, 4905, 4908, 4909, 4912, 4914, 4917, 4919, 4921, 4924, 4927, 4928, 4931, 4935, 4936, 4937, 4940, 4943, 4953, 4955, 4960, 4964, 4965, 4966, 4967, 4968, 4971, 4973, 4977, 4982, 4983, 4987, 4989, 4992, 4993, 4995, 4996, 4998, 4999, 5002, 5003, 5004, 5005, 5012, 5015, 5016, 5018, 5020, 5021, 5023, 5025, 5026, 5028, 5029, 5032, 5035, 5038, 5039, 5041, 5044, 5049, 5051, 5053, 5054, 5056, 5057, 5059, 5061, 5064, 5065, 5076, 5078, 5080, 5087, 5090, 5093, 5094, 5095, 5096, 5097, 5099, 5102, 5104, 5105, 5106, 5107, 5110, 5111, 5115, 5116, 5117, 5121, 5122, 5123, 5125, 5126, 5127, 5128, 5129, 5130, 5131, 5132, 5135, 5137, 5139, 5142, 5145, 5151, 5152, 5156, 5159, 5160, 5162, 5165, 5170, 5171, 5173, 5174, 5180, 5182, 5184, 5185, 5188, 5194, 5195, 5203, 5205, 5206, 5207, 5209, 5210, 5211, 5218, 5227, 5234, 5239, 5241, 5242, 5243, 5244, 5245, 5246, 5247, 5248, 5250, 5251, 5254, 5255, 5260, 5262, 5265, 5267, 5268, 5272, 5274, 5276, 5284, 5285, 5288, 5289, 5290, 5293, 5295, 5297, 5306, 5308, 5311, 5316, 5318, 5320, 5322, 5323, 5328, 5330, 5331, 5333, 5334, 5338, 5339, 5341, 5342, 5343, 5344, 5345, 5347, 5348, 5349, 5352, 5353, 5356, 5358, 5363, 5364, 5365, 5368, 5370, 5371, 5374, 5376, 5377, 5378, 5381, 5383, 5385, 5387, 5390, 5393, 5399, 5400, 5401, 5403, 5405, 5412, 5414, 5416, 5419, 5420, 5426, 5427, 5428, 5435, 5436, 5442, 5443, 5452, 5453, 5461, 5464, 5466, 5472, 5474, 5477, 5482, 5484, 5485, 5486, 5487, 5489, 5491, 5493, 5494, 5495, 5498, 5499, 5502, 5503, 5507, 5513, 5514, 5515, 5516, 5521, 5528, 5530, 5537, 5538, 5539, 5540, 5546, 5547, 5548, 5549, 5555, 5557, 5558, 5563, 5567, 5570, 5575, 5576, 5577, 5580, 5581, 5582, 5584, 5585, 5589, 5591, 5592, 5595, 5597, 5601, 5602, 5603, 5611, 5613, 5615, 5616, 5617, 5619, 5620, 5623, 5625, 5626, 5630, 5635, 5639, 5641, 5643, 5644, 5650, 5651, 5654, 5655, 5660, 5662, 5663, 5664, 5665, 5666, 5667, 5672, 5673, 5676, 5677, 5678, 5679, 5680, 5684, 5687, 5690, 5691, 5692, 5694, 5696, 5698, 5701, 5703, 5704, 5707, 5710, 5711, 5712, 5716, 5718, 5719, 5721, 5722, 5727, 5735, 5737, 5738, 5743, 5745, 5749, 5750, 5752, 5753, 5756, 5758, 5764, 5766, 5767, 5768, 5770, 5774, 5775, 5776, 5777, 5782, 5788, 5790, 5792, 5795, 5797, 5798, 5801, 5802, 5805, 5808, 5810, 5813, 5814, 5815, 5816, 5819, 5820, 5822, 5823, 5824, 5827, 5828, 5829, 5835, 5840, 5841, 5842, 5843, 5846, 5847, 5850, 5852, 5853, 5854, 5858, 5861, 5862, 5863, 5868, 5869, 5872, 5875, 5876, 5880, 5882, 5883, 5886, 5888, 5898, 5899, 5900, 5902, 5905, 5906, 5909, 5912, 5914, 5915, 5917, 5918, 5919, 5920, 5922, 5931, 5932, 5933, 5935, 5936, 5937, 5938, 5940, 5942, 5944, 5945, 5946, 5947, 5949, 5954, 5958, 5961, 5966, 5976, 5979, 5983, 5984, 5985, 5986, 5988, 5989, 5991, 5992, 6006, 6007, 6008, 6010, 6011, 6012, 6013, 6015, 6017, 6020, 6024, 6025, 6027, 6028, 6036, 6037, 6040, 6045, 6046, 6051, 6053, 6057, 6058, 6062, 6063, 6065, 6066, 6067, 6070, 6071, 6072, 6074, 6077, 6079, 6086, 6087, 6088, 6089, 6090, 6091, 6096, 6097, 6100, 6102, 6103, 6105, 6110, 6112, 6113, 6114, 6119, 6122, 6128, 6139, 6143, 6144, 6150, 6152, 6155, 6157, 6164, 6167, 6169, 6175, 6176, 6179, 6183, 6184, 6185, 6186, 6187, 6188, 6189, 6196, 6197, 6201, 6202, 6203, 6204, 6207, 6208, 6209, 6211, 6213, 6218, 6221, 6222, 6224, 6226, 6227, 6228, 6229, 6234, 6235, 6237, 6239, 6240, 6241, 6242, 6244, 6247, 6250, 6254, 6256, 6259, 6262, 6263, 6267, 6269, 6270, 6271, 6272, 6273, 6275, 6279, 6281, 6283, 6284, 6287, 6288, 6290, 6295, 6296, 6297, 6300, 6301, 6307, 6309, 6310, 6312, 6316, 6319, 6320, 6322, 6326, 6333, 6335, 6340, 6341, 6342, 6344, 6345, 6346, 6348, 6349, 6352, 6354, 6356, 6357, 6359, 6360, 6361, 6363, 6365, 6366, 6371, 6372, 6374, 6376, 6380, 6388, 6392, 6393, 6395, 6397, 6399, 6400, 6401, 6403, 6405, 6408, 6409, 6411, 6412, 6417, 6418, 6419, 6424, 6426, 6429, 6430, 6435, 6439, 6441, 6442, 6443, 6444, 6445, 6447, 6449, 6452, 6453, 6454, 6460, 6465, 6466, 6467, 6468, 6473, 6477, 6480, 6483, 6487, 6488, 6491, 6494, 6496, 6499, 6500, 6502, 6505, 6508, 6509, 6511, 6515, 6516, 6521, 6522, 6524, 6525, 6531, 6535, 6536, 6540, 6541, 6543, 6544, 6546, 6547, 6549, 6553, 6554, 6558, 6559, 6560, 6564, 6569, 6570, 6574, 6576, 6577, 6578, 6579, 6580, 6586, 6587, 6590, 6593, 6595, 6596, 6597, 6598, 6602, 6604, 6607, 6612, 6613, 6616, 6618, 6625, 6627, 6630, 6632, 6633, 6634, 6638, 6639, 6640, 6641, 6646, 6647, 6648, 6655, 6657, 6658, 6661, 6664, 6665, 6666, 6667, 6669, 6671, 6674, 6684, 6685, 6689, 6690, 6691, 6693, 6695, 6700, 6703, 6704, 6705, 6707, 6712, 6714, 6716, 6717, 6721, 6724, 6725, 6726, 6727, 6728, 6731, 6732, 6733, 6735, 6737, 6738, 6739, 6741, 6742, 6744, 6755, 6756, 6757, 6759, 6760, 6761, 6763, 6769, 6774, 6775, 6776, 6777, 6778, 6780, 6786, 6787, 6788, 6789, 6790, 6796, 6798, 6802, 6804, 6805, 6806, 6807, 6816, 6817, 6819, 6822, 6824, 6825, 6826, 6827, 6828, 6829, 6832, 6833, 6835, 6836, 6840, 6844, 6846, 6847, 6848, 6849, 6851, 6852, 6853, 6859, 6860, 6861, 6863, 6866, 6868, 6875, 6876, 6879, 6881, 6882, 6885, 6886, 6887, 6889, 6891, 6893, 6897, 6899, 6901, 6904, 6906, 6907, 6909, 6914, 6915, 6917, 6918, 6919, 6922, 6929, 6930, 6932, 6933, 6935, 6936, 6938, 6942, 6944, 6948, 6954, 6961, 6962, 6963, 6964, 6966, 6968, 6969, 6974, 6976, 6977, 6978, 6979, 6980, 6984, 6987, 6988, 6998, 7000, 7001, 7003, 7005, 7008, 7010, 7011, 7013, 7015, 7016, 7017, 7019, 7020, 7027, 7028, 7031, 7032, 7037, 7040, 7045, 7048, 7051, 7055, 7058, 7059, 7061, 7065, 7067, 7070, 7073, 7076, 7077, 7079, 7080, 7083, 7087, 7088, 7089, 7095, 7096, 7097, 7101, 7105, 7106, 7107, 7108, 7109, 7110, 7112, 7114, 7117, 7119, 7120, 7122, 7124, 7127, 7131, 7132, 7133, 7136, 7138, 7140, 7142, 7143, 7144, 7145, 7146, 7150, 7151, 7159, 7162, 7164, 7167, 7168, 7170, 7171, 7173, 7175, 7180, 7182, 7187, 7188, 7190, 7191, 7192, 7195, 7196, 7205, 7207, 7208, 7209, 7211, 7213, 7216, 7217, 7218, 7220, 7224, 7225, 7227, 7228, 7229, 7230, 7231, 7233, 7235, 7244, 7245, 7248, 7249, 7250, 7252, 7258, 7262, 7263, 7265, 7268, 7269, 7270, 7272, 7277, 7279, 7281, 7283, 7286, 7287, 7290, 7294, 7296, 7297, 7300, 7303, 7304, 7306, 7307, 7310, 7313, 7317, 7319, 7320, 7323, 7340, 7342, 7344, 7347, 7353, 7354, 7355, 7357, 7358, 7361, 7366, 7368, 7370, 7371, 7373, 7377, 7378, 7384, 7385, 7387, 7389, 7397, 7399, 7403, 7404, 7408, 7409, 7414, 7417, 7422, 7424, 7425, 7427, 7428, 7429, 7431, 7435, 7437, 7438, 7441, 7442, 7443, 7445, 7446, 7447, 7448, 7449, 7452, 7454, 7455, 7457, 7460, 7461, 7465, 7466, 7467, 7472, 7473, 7475, 7478, 7479, 7481, 7482, 7483, 7484, 7486, 7487, 7488, 7490, 7492, 7494, 7495, 7496, 7498, 7505, 7508, 7512, 7515, 7518, 7520, 7522, 7525, 7527, 7528, 7534, 7535, 7539, 7540, 7543, 7546, 7548, 7549, 7550, 7551, 7552, 7554, 7557, 7563, 7565, 7567, 7568, 7569, 7570, 7571, 7572, 7574, 7576, 7580, 7581, 7586, 7588, 7591, 7594, 7596, 7608, 7610, 7611, 7612, 7614, 7615, 7620, 7622, 7624, 7628, 7630, 7635, 7636, 7637, 7638, 7643, 7644, 7646, 7647, 7649, 7650, 7651, 7653, 7656, 7659, 7665, 7666, 7669, 7670, 7671, 7674, 7675, 7677, 7678, 7680, 7681, 7685, 7688, 7689, 7690, 7691, 7693, 7699, 7702, 7710, 7718, 7721, 7725, 7731, 7732, 7737, 7744, 7752, 7759, 7762, 7763, 7764, 7765, 7766, 7769, 7774, 7777, 7782, 7783, 7784, 7787, 7788, 7793, 7798, 7807, 7808, 7810, 7813, 7817, 7820, 7823, 7824, 7829, 7830, 7833, 7834, 7835, 7839, 7841, 7842, 7844, 7849, 7850, 7851, 7854, 7857, 7858, 7859, 7860, 7862, 7863, 7866, 7869, 7870, 7871, 7880, 7882, 7887, 7893, 7894, 7895, 7896, 7902, 7903, 7905, 7909, 7911, 7914, 7917, 7919, 7921, 7923, 7924, 7928, 7930, 7935, 7937, 7942, 7944, 7945, 7946, 7949, 7953, 7954, 7965, 7968, 7971, 7972, 7973, 7974, 7978, 7980, 7983, 7985, 7986, 7990, 7992, 7993, 7994, 7997, 7998, 8003, 8004, 8007, 8009, 8010, 8011, 8012, 8014, 8016, 8020, 8023, 8024, 8028, 8030, 8031, 8035, 8036, 8039, 8041, 8044, 8045, 8048, 8053, 8057, 8058, 8062, 8064, 8067, 8068, 8069, 8073, 8074, 8076, 8083, 8089, 8096, 8097, 8098, 8099, 8101, 8102, 8104, 8106, 8107, 8109, 8111, 8113, 8114, 8118, 8119, 8121, 8124, 8125, 8126, 8132, 8133, 8134, 8136, 8137, 8138, 8142, 8145, 8146, 8147, 8153, 8163, 8164, 8165, 8166, 8168, 8172, 8174, 8176, 8179, 8180, 8188, 8194, 8197, 8203, 8204, 8205, 8206, 8208, 8209, 8210, 8212, 8213, 8214, 8215, 8216, 8218, 8223, 8224, 8225, 8226, 8233, 8237, 8238, 8241, 8242, 8243, 8244, 8246, 8247, 8248, 8249, 8250, 8254, 8255, 8257, 8259, 8260, 8262, 8263, 8267, 8269, 8271, 8272, 8274, 8277, 8278, 8280, 8282, 8285, 8286, 8288, 8292, 8293, 8295, 8296, 8298, 8300, 8301, 8302, 8304, 8307, 8309, 8311, 8313, 8315, 8316, 8317, 8318, 8320, 8324, 8325, 8326, 8327, 8328, 8330, 8333, 8336, 8338, 8340, 8341, 8342, 8343, 8344, 8345, 8347, 8349, 8351, 8352, 8353, 8354, 8356, 8357, 8359, 8365, 8366, 8368, 8369, 8373, 8377, 8378, 8383, 8388, 8391, 8392, 8396, 8400, 8401, 8403, 8406, 8407, 8410, 8413, 8415, 8416, 8417, 8418, 8422, 8424, 8435, 8436, 8441, 8446, 8447, 8452, 8463, 8465, 8467, 8469, 8471, 8473, 8478, 8482, 8483, 8490, 8494, 8496, 8499, 8500, 8501, 8502, 8503, 8504, 8505, 8509, 8513, 8524, 8526, 8528, 8529, 8530, 8533, 8535, 8536, 8537, 8539, 8540, 8542, 8545, 8549, 8551, 8552, 8553, 8554, 8557, 8560, 8561, 8562, 8564, 8566, 8567, 8574, 8576, 8577, 8579, 8580, 8582, 8583, 8587, 8589, 8591, 8592, 8596, 8599, 8601, 8602, 8603, 8604, 8605, 8613, 8614, 8616, 8617, 8618, 8619, 8623, 8624, 8626, 8628, 8633, 8639, 8640, 8643, 8644, 8645, 8648, 8650, 8653, 8655, 8657, 8668, 8670, 8672, 8673, 8674, 8675, 8679, 8680, 8683, 8687, 8688, 8690, 8697, 8698, 8699, 8700, 8708, 8712, 8713, 8716, 8721, 8722, 8723, 8725, 8728, 8730, 8734, 8735, 8740, 8743, 8747, 8748, 8749, 8750, 8752, 8754, 8758, 8760, 8761, 8768, 8772, 8773, 8775, 8777, 8778, 8783, 8785, 8788, 8789, 8795, 8798, 8799, 8801, 8803, 8812, 8813, 8814, 8815, 8818, 8822, 8823, 8828, 8830, 8831, 8832, 8839, 8841, 8843, 8845, 8849, 8850, 8851, 8853, 8864, 8866, 8868, 8869, 8870, 8872, 8873, 8878, 8881, 8882, 8885, 8889, 8890, 8892, 8893, 8894, 8895, 8899, 8900, 8901, 8902, 8903, 8910, 8911, 8912, 8914, 8915, 8916, 8917, 8918, 8919, 8927, 8928, 8931, 8932, 8934, 8936, 8937, 8941, 8955, 8956, 8957, 8958, 8959, 8961, 8962, 8966, 8969, 8970, 8971, 8976, 8977, 8978, 8979, 8982, 8985, 8987, 8991, 8992, 8993, 8995, 8996, 8997, 9001, 9003, 9006, 9009, 9013, 9017, 9019, 9020, 9022, 9024, 9025, 9032, 9034, 9037, 9040, 9041, 9042, 9043, 9044, 9045, 9046, 9049, 9050, 9052, 9053, 9055, 9056, 9057, 9062, 9063, 9067, 9075, 9077, 9078, 9079, 9081, 9083, 9087, 9088, 9090, 9100, 9104, 9106, 9107, 9111, 9112, 9113, 9122, 9123, 9124, 9125, 9127, 9129, 9130, 9132, 9133, 9136, 9138, 9139, 9140, 9143, 9145, 9146, 9147, 9148, 9150, 9152, 9158, 9159, 9161, 9162, 9164, 9167, 9171, 9178, 9180, 9181, 9189, 9192, 9195, 9199, 9200, 9201, 9202, 9205, 9206, 9209, 9211, 9213, 9214, 9216, 9218, 9219, 9220, 9222, 9223, 9226, 9228, 9230, 9231, 9235, 9236, 9238, 9240, 9242, 9243, 9248, 9249, 9250, 9251, 9252, 9254, 9258, 9260, 9262, 9264, 9266, 9268, 9269, 9270, 9271, 9273, 9275, 9281, 9282, 9283, 9285, 9286, 9292, 9293, 9299, 9301, 9303, 9310, 9311, 9313, 9316, 9317, 9319, 9322, 9323, 9326, 9327, 9329, 9330, 9331, 9334, 9336, 9338, 9339, 9342, 9343, 9344, 9345, 9347, 9350, 9351, 9352, 9354, 9356, 9357, 9358, 9362, 9363, 9365, 9366, 9369, 9370, 9372, 9373, 9376, 9377, 9378, 9381, 9382, 9386, 9393, 9400, 9402, 9403, 9405, 9406, 9409, 9411, 9412, 9418, 9423, 9425, 9432, 9433, 9434, 9435, 9439, 9450, 9451, 9453, 9455, 9457, 9458, 9459, 9460, 9461, 9462, 9463, 9464, 9465, 9467, 9468, 9469, 9471, 9475, 9476, 9479, 9481, 9484, 9486, 9487, 9490, 9492, 9493, 9494, 9495, 9496, 9498, 9499, 9501, 9503, 9505, 9510, 9512, 9519, 9520, 9521, 9524, 9526, 9527, 9530, 9532, 9537, 9539, 9542, 9543, 9548, 9549, 9550, 9554, 9557, 9566, 9567, 9569, 9570, 9575, 9578, 9581, 9582, 9584, 9589, 9592, 9597, 9599, 9600, 9601, 9605, 9606, 9608, 9609, 9610, 9611, 9615, 9616, 9622, 9625, 9626, 9635, 9637, 9638, 9639, 9640, 9641, 9644, 9645, 9646, 9647, 9648, 9650, 9657, 9659, 9662, 9669, 9671, 9675, 9682, 9683, 9684, 9685, 9686, 9687, 9689, 9691, 9694, 9699, 9702, 9704, 9706, 9709, 9710, 9711, 9712, 9713, 9716, 9717, 9720, 9728, 9731, 9733, 9735, 9737, 9739, 9740, 9743, 9746, 9747, 9748, 9751, 9754, 9756, 9757, 9758, 9759, 9764, 9766, 9767, 9769, 9771, 9772, 9774, 9775, 9777, 9779, 9781, 9784, 9785, 9793, 9796, 9797, 9798, 9800, 9801, 9802, 9806, 9818, 9822, 9828, 9832, 9836, 9837, 9839, 9840, 9842, 9843, 9846, 9847, 9849, 9851, 9853, 9854, 9858, 9864, 9865, 9868, 9869, 9870, 9871, 9872, 9873, 9876, 9877, 9878, 9879, 9881, 9885, 9886, 9887, 9890, 9895, 9896, 9897, 9899, 9900, 9902, 9906, 9910, 9911, 9916, 9919, 9923, 9925, 9927, 9931, 9936, 9937, 9939, 9940, 9941, 9942, 9946, 9949, 9950, 9955, 9956, 9958, 9960, 9964, 9965, 9969, 9970, 9971, 9975, 9976, 9977, 9978, 9983, 9985, 9987, 9988, 9991, 9992, 9994, 9995]
Packed_weights: [405, 784, 477, 909, 282, 756, 910, 811, 903, 730, 684, 435, 967, 261, 549, 15, 720, 399, 825, 669, 868, 871, 192, 804, 81, 321, 933, 552, 964, 588, 597, 576, 291, 657, 477, 90, 877, 924, 843, 924, 706, 276, 850, 997, 846, 732, 795, 333, 816, 147, 681, 27, 576, 981, 801, 937, 426, 102, 351, 504, 732, 919, 967, 846, 597, 570, 312, 838, 561, 742, 336, 954, 288, 360, 651, 240, 876, 702, 663, 528, 756, 495, 810, 876, 813, 189, 1000, 84, 726, 987, 402, 718, 3, 823, 874, 979, 453, 793, 862, 651, 348, 279, 681, 939, 910, 750, 702, 903, 588, 9, 790, 339, 621, 42, 982, 549, 294, 240, 180, 909, 841, 480, 700, 735, 895, 627, 975, 639, 66, 750, 489, 585, 369, 261, 778, 432, 864, 703, 904, 948, 216, 147, 198, 918, 219, 963, 900, 819, 36, 843, 808, 844, 657, 969, 991, 747, 906, 207, 826, 483, 792, 852, 799, 657, 507, 255, 66, 943, 303, 811, 63, 288, 36, 492, 864, 718, 987, 612, 387, 48, 471, 33, 618, 630, 384, 777, 882, 468, 633, 789, 912, 873, 811, 786, 783, 757, 456, 790, 45, 945, 216, 820, 889, 780, 699, 306, 114, 426, 567, 936, 774, 735, 447, 687, 963, 723, 360, 30, 348, 975, 820, 894, 939, 345, 960, 967, 363, 474, 636, 993, 898, 946, 805, 243, 420, 21, 78, 741, 423, 949, 729, 321, 204, 294, 471, 951, 796, 447, 399, 768, 432, 204, 699, 769, 546, 762, 985, 582, 756, 909, 36, 793, 306, 531, 411, 789, 372, 669, 477, 889, 868, 687, 742, 42, 621, 874, 700, 288, 898, 709, 525, 790, 807, 390, 57, 639, 174, 705, 513, 285, 354, 459, 957, 955, 930, 705, 216, 141, 787, 681, 922, 883, 795, 456, 45, 369, 210, 525, 736, 255, 45, 48, 810, 979, 99, 766, 441, 78, 129, 435, 558, 297, 537, 261, 784, 99, 733, 249, 285, 660, 742, 516, 738, 675, 222, 832, 519, 675, 234, 810, 396, 976, 766, 775, 570, 696, 733, 817, 760, 354, 901, 834, 456, 495, 954, 822, 786, 60, 39, 727, 726, 261, 672, 357, 540, 733, 45, 654, 63, 973, 423, 177, 987, 748, 264, 736, 687, 42, 922, 733, 841, 807, 684, 928, 621, 733, 933, 90, 237, 736, 405, 270, 393, 901, 978, 687, 456, 21, 681, 687, 979, 972, 567, 330, 969, 925, 721, 354, 900, 748, 817, 324, 783, 988, 141, 126, 930, 949, 819, 748, 549, 174, 111, 504, 606, 285, 429, 991, 718, 555, 991, 783, 792, 751, 156, 924, 564, 615, 805, 942, 681, 892, 945, 927, 78, 745, 450, 807, 705, 165, 924, 928, 882, 774, 763, 387, 390, 39, 711, 474, 522, 42, 348, 111, 846, 946, 315, 906, 985, 765, 276, 405, 60, 126, 642, 765, 555, 745, 345, 814, 261, 936, 999, 156, 901, 39, 642, 72, 459, 477, 813, 834, 513, 988, 862, 886, 414, 63, 312, 390, 768, 712, 78, 757, 804, 351, 654, 555, 81, 859, 648, 96, 910, 288, 549, 147, 921, 243, 879, 946, 483, 888, 45, 282, 171, 879, 877, 138, 931, 6, 390, 802, 1000, 825, 39, 778, 612, 27, 333, 138, 534, 408, 967, 432, 582, 886, 372, 612, 799, 714, 27, 871, 925, 714, 162, 591, 997, 504, 934, 754, 958, 177, 297, 432, 270, 399, 711, 681, 778, 819, 357, 882, 736, 717, 336, 963, 855, 864, 900, 696, 913, 985, 744, 306, 993, 949, 996, 813, 684, 705, 936, 697, 648, 645, 982, 615, 453, 585, 828, 78, 921, 828, 850, 879, 609, 709, 135, 886, 930, 87, 507, 456, 480, 102, 834, 645, 853, 832, 144, 69, 69, 954, 111, 865, 823, 756, 6, 312, 225, 78, 759, 936, 360, 402, 501, 471, 657, 916, 432, 360, 994, 867, 480, 345, 384, 981, 315, 684, 318, 891, 228, 985, 576, 201, 327, 114, 798, 234, 117, 742, 198, 897, 847, 808, 766, 616, 270, 828, 678, 93, 946, 715, 273, 693, 621, 912, 894, 417, 378, 336, 822, 234, 249, 936, 24, 724, 405, 765, 447, 654, 600, 930, 969, 300, 156, 871, 766, 678, 802, 888, 724, 924, 435, 618, 243, 844, 135, 444, 675, 862, 426, 886, 339, 558, 357, 846, 147, 954, 705, 874, 997, 381, 420, 768, 240, 864, 513, 594, 279, 507, 825, 264, 627, 564, 994, 480, 730, 435, 963, 762, 886, 804, 825, 339, 162, 345, 996, 862, 486, 348, 558, 708, 996, 609, 270, 973, 1000, 853, 829, 984, 84, 820, 309, 951, 36, 612, 712, 513, 450, 81, 997, 699, 639, 270, 871, 709, 850, 693, 141, 786, 123, 375, 808, 384, 309, 825, 961, 754, 282, 405, 471, 937, 855, 222, 552, 882, 582, 988, 300, 868, 796, 742, 790, 63, 168, 213, 534, 12, 826, 984, 276, 727, 243, 210, 855, 447, 778, 762, 135, 627, 510, 964, 480, 735, 834, 474, 441, 381, 579, 696, 675, 844, 189, 510, 808, 901, 778, 507, 342, 651, 730, 969, 459, 69, 874, 940, 186, 174, 966, 991, 832, 823, 783, 700, 769, 15, 921, 612, 862, 906, 898, 648, 931, 420, 715, 978, 609, 78, 805, 108, 715, 609, 924, 687, 813, 775, 774, 747, 483, 687, 765, 786, 636, 510, 537, 75, 15, 123, 978, 886, 820, 393, 987, 600, 561, 837, 879, 942, 831, 288, 9, 774, 285, 939, 333, 741, 324, 579, 63, 486, 384, 426, 75, 645, 829, 156, 525, 666, 727, 744, 778, 384, 978, 513, 111, 546, 519, 943, 180, 270, 915, 648, 237, 888, 684, 739, 165, 288, 879, 708, 999, 600, 174, 579, 979, 513, 369, 963, 537, 885, 943, 144, 760, 537, 711, 922, 480, 606, 390, 354, 957, 558, 81, 420, 315, 936, 874, 864, 984, 763, 615, 309, 900, 853, 727, 996, 990, 855, 733, 597, 96, 564, 21, 789, 129, 943, 865, 198, 909, 591, 735, 975, 871, 18, 480, 816, 700, 853, 867, 792, 144, 42, 882, 189, 273, 970, 66, 955, 909, 96, 853, 918, 423, 897, 537, 762, 69, 441, 345, 736, 384, 126, 576, 750, 168, 888, 219, 925, 432, 642, 801, 603, 769, 645, 975, 441, 213, 237, 291, 330, 721, 715, 231, 922, 18, 321, 360, 192, 522, 726, 36, 441, 288, 831, 156, 573, 942, 537, 937, 840, 471, 927, 246, 861, 684, 261, 703, 793, 582, 955, 651, 144, 822, 621, 270, 468, 781, 579, 709, 333, 297, 777, 144, 873, 213, 766, 711, 925, 636, 237, 648, 904, 450, 387, 777, 612, 258, 471, 516, 498, 951, 339, 709, 861, 921, 780, 762, 913, 850, 411, 585, 987, 558, 453, 525, 841, 558, 678, 754, 453, 375, 462, 546, 108, 889, 741, 246, 837, 258, 168, 705, 561, 123, 384, 369, 426, 807, 603, 853, 738, 718, 273, 880, 901, 324, 24, 789, 703, 102, 730, 819, 183, 817, 952, 552, 33, 414, 954, 441, 12, 69, 993, 660, 720, 405, 279, 744, 3, 832, 867, 702, 39, 381, 645, 762, 772, 972, 636, 675, 432, 969, 715, 834, 441, 66, 156, 822, 498, 988, 919, 438, 432, 441, 958, 117, 798, 33, 820, 462, 60, 651, 829, 934, 549, 877, 369, 868, 948, 561, 796, 66, 778, 718, 888, 540, 850, 81, 507, 36, 880, 249, 730, 897, 699, 909, 243, 153, 778, 144, 741, 693, 126, 966, 873, 657, 814, 324, 96, 252, 243, 958, 775, 991, 558, 333, 967, 981, 723, 996, 933, 861, 709, 927, 823, 171, 567, 594, 814, 330, 549, 198, 967, 754, 891, 450, 822, 366, 772, 480, 723, 901, 921, 765, 15, 189, 414, 393, 429, 1000, 828, 933, 909, 3, 912, 99, 177, 903, 465, 285, 24, 732, 762, 723, 966, 799, 810, 949, 745, 186, 588, 789, 129, 934, 441, 783, 846, 492, 724, 895, 504, 934, 195, 27, 471, 51, 564, 564, 81, 357, 468, 330, 882, 111, 997, 366, 771, 405, 267, 810, 762, 72, 811, 976, 705, 804, 498, 273, 357, 714, 117, 759, 856, 865, 558, 897, 90, 114, 633, 835, 748, 303, 826, 903, 703, 765, 627, 162, 736, 870, 798, 459, 57, 930, 66, 916, 237, 861, 663, 270, 549, 834, 312, 174, 531, 871, 318, 495, 738, 27, 739, 807, 766, 759, 732, 895, 360, 531, 369, 393, 886, 738, 892, 414, 330, 267, 871, 444, 402, 336, 895, 697, 910, 429, 813, 952, 171, 870, 841, 855, 937, 435, 844, 39, 738, 90, 747, 940, 138, 96, 489, 336, 891, 204, 444, 141, 840, 96, 904, 925, 793, 711, 63, 885, 927, 246, 60, 979, 561, 735, 1000, 744, 792, 820, 405, 24, 906, 132, 819, 330, 27, 852, 952, 808, 757, 864, 870, 924, 642, 960, 933, 360, 591, 814, 93, 192, 39, 874, 846, 877, 474, 522, 597, 396, 714, 855, 955, 294, 727, 282, 378, 999, 828, 927, 570, 216, 717, 795, 811, 606, 609, 438, 261, 537, 189, 546, 621, 895, 792, 963, 724, 838, 597, 819, 9, 234, 813, 573, 648, 735, 651, 108, 817, 381, 519, 924, 678, 513, 838, 198, 36, 120, 330, 144, 808, 757, 975, 858, 498, 793, 786, 411, 561, 814, 919, 525, 216, 225, 729, 114, 790, 766, 45, 780, 862, 775, 372, 294, 996, 360, 195, 831, 189, 252, 904, 27, 534, 805, 201, 969, 501, 423, 180, 798, 288, 847, 849, 690, 78, 801, 987, 507, 63, 766, 402, 483, 822, 312, 141, 690, 594, 69, 108, 942, 963, 981, 910, 567, 405, 742, 228, 150, 972, 150, 735, 684, 699, 934, 882, 42, 711, 723, 745, 903, 804, 672, 709, 444, 243, 363, 948, 18, 582, 309, 855, 144, 51, 243, 318, 21, 633, 913, 768, 865, 537, 498, 844, 213, 141, 42, 727, 615, 450, 15, 636, 459, 567, 264, 663, 738, 822, 975, 963, 453, 588, 312, 717, 867, 744, 810, 996, 330, 558, 937, 907, 237, 858, 945, 402, 447, 477, 759, 342, 222, 969, 84, 967, 333, 285, 477, 303, 925, 627, 819, 832, 174, 348, 234, 48, 865, 697, 696, 738, 138, 285, 69, 339, 48, 708, 972, 973, 150, 573, 447, 850, 627, 6, 859, 564, 795, 408, 765, 987, 948, 576, 213, 525, 939, 924, 150, 856, 180, 81, 663, 820, 207, 969, 996, 690, 426, 168, 831, 868, 228, 126, 18, 789, 865, 696, 624, 960, 852, 948, 771, 825, 870, 718, 745, 828, 345, 798, 291, 997, 843, 808, 693, 942, 864, 210, 348, 874, 105, 186, 945, 372, 414, 525, 261, 108, 555, 558, 57, 342, 318, 802, 120, 873, 871, 546, 888, 807, 387, 366, 811, 976, 834, 808, 714, 42, 900, 138, 216, 849, 858, 12, 102, 754, 363, 882, 864, 510, 213, 906, 102, 993, 789, 150, 138, 715, 477, 552, 624, 450, 805, 603, 597, 799, 609, 306, 870, 225, 816, 732, 795, 549, 408, 624, 901, 796, 63, 654, 675, 621, 747, 835, 156, 240, 489, 459, 874, 999, 156, 873, 813, 742, 597, 333, 843, 925, 963, 435, 381, 744, 984, 831, 844, 243, 943, 213, 868, 864, 477, 985, 639, 787, 925, 573, 15, 87, 165, 333, 751, 270, 621, 718, 808, 39, 654, 864, 27, 678, 510, 378, 489, 835, 861, 516, 712, 735, 738, 60, 958, 990, 897, 888, 958, 186, 435, 174, 714, 177, 750, 867, 606, 231, 573, 859, 756, 813, 954, 612, 375, 537, 252, 354, 892, 657, 933, 576, 711, 75, 456, 868, 345, 279, 567, 801, 189, 666, 936, 834, 724, 540, 720, 928, 696, 285, 132, 420, 402, 156, 42, 760, 279, 990, 757, 615, 711, 892, 666, 45, 102, 858, 741, 69, 201, 822, 678, 162, 990, 525, 321, 733, 81, 768, 456, 796, 669, 930, 591, 657, 480, 309, 753, 982, 690, 889, 648, 210, 666, 730, 873, 585, 768, 456, 6, 642, 901, 438, 702, 33, 249, 771, 597, 174, 606, 252, 763, 892, 450, 48, 57, 864, 768, 934, 81, 726, 981, 847, 621, 186, 877, 111, 958, 966, 660, 573, 733, 753, 234, 828, 736, 943, 763, 591, 681, 111, 135, 789, 918, 54, 942, 898, 138, 336, 534, 841, 957, 501, 775, 462, 963, 895, 868, 603, 901, 795, 814, 886, 730, 423, 240, 820, 793, 69, 853, 378, 787, 549, 153, 768, 171, 138, 931, 697, 204, 438, 636, 639, 231, 66, 648, 796, 357, 618, 345, 411, 537, 645, 24, 708, 951, 675, 921, 477, 387, 870, 192, 510, 814, 339, 171, 672, 721, 486, 480, 930, 588, 949, 975, 786, 534, 922, 916, 997, 105, 423, 790, 843, 760, 672, 93, 861, 985, 936, 630, 732, 420, 696, 294, 816, 495, 486, 844, 198, 990, 990, 324, 967, 852, 420, 961, 438, 858, 495, 342, 456, 33, 900, 951, 471, 504, 426, 306, 195, 405, 730, 150, 606, 483, 675, 294, 979, 942, 982, 994, 922, 717, 150, 789, 690, 96, 987, 30, 948, 291, 276, 372, 925, 627, 988, 774, 855, 799, 534, 811, 45, 390, 868, 742, 504, 471, 775, 411, 426, 978, 861, 979, 886, 759, 996, 153, 930, 687, 162, 39, 808, 336, 837, 486, 985, 579, 889, 594, 964, 819, 936, 561, 790, 42, 777, 792, 663, 183, 823, 225, 829, 627, 843, 924, 447, 567, 429, 777, 741, 687, 162, 336, 760, 60, 105, 937, 255, 525, 978, 279, 733, 330, 919, 621, 99, 48, 666, 690, 75, 354, 615, 18, 33, 246, 693, 802, 804, 459, 876, 588, 772, 549, 693, 807, 834, 705, 714, 207, 942, 783, 816, 820, 84, 760, 453, 826, 865, 697, 924, 867, 921, 927, 639, 414, 841, 786, 922, 822, 699, 291, 291, 351, 666, 48, 1000, 312, 63, 81, 841, 942, 831, 609, 24, 829, 976, 729, 405, 856, 829, 171, 30, 771, 723, 819, 258, 750, 150, 225, 297, 697, 78, 477, 366, 895, 234, 525, 378, 198, 372, 946, 525, 703, 411, 588, 916, 72, 934, 423, 882, 60, 543, 636, 450, 387, 966, 997, 954, 459, 321, 504, 333, 864, 675, 930, 822, 228, 561, 540, 814, 922, 585, 940, 991, 862, 879, 681, 120, 516, 889, 513, 763, 390, 700, 51, 865, 819, 273, 967, 709, 922, 784, 165, 603, 813, 778, 453, 654, 336, 15, 913, 162, 342, 756, 591, 979, 195, 489, 822, 703, 940, 792, 733, 835, 495, 180, 777, 789, 324, 303, 405, 781, 919, 786, 747, 687, 243, 835, 700, 414, 57, 78, 303, 774, 799, 834, 207, 882, 817, 817, 156, 264, 936, 294, 883, 648, 195, 856, 795, 883, 132, 585, 540, 651, 856, 850, 970, 417, 45, 276, 402, 642, 864, 874, 958, 741, 943, 979, 585, 961, 528, 996, 711, 802, 657, 651, 498, 969, 540, 525, 892, 18, 804, 426, 738, 393, 285, 318, 705, 976, 867, 228, 804, 721, 745, 678, 216, 742, 558, 888, 294, 51, 531, 147, 861, 963, 306, 727, 510, 234, 9, 438, 603, 960, 912, 474, 450, 903, 924, 270, 901, 303, 420, 201, 742, 814, 861, 21, 408, 201, 492, 873, 963, 126, 69, 468, 802, 402, 384, 459, 582, 540, 258, 81, 435, 3, 792, 516, 742, 363, 366, 609, 834, 843, 898, 969, 348, 147, 255, 999, 889, 735, 282, 585, 105, 901, 270, 627, 285, 939, 60, 228, 750, 522, 930, 919, 882, 831, 330, 99, 780, 465, 96, 702, 891, 330, 15, 297, 27, 444, 894, 846, 465, 985, 447, 993, 699, 963, 904, 891, 766, 934, 336, 393, 712, 333, 811, 918, 933, 924, 393, 633, 969, 570, 540, 450, 474, 817, 99, 309, 823, 736, 429, 312, 804, 180, 135, 564, 943, 996, 318, 996, 267, 706, 180, 885, 582, 54, 765, 945, 849, 822, 943, 291, 501, 724, 778, 910, 717, 876, 72, 828, 702, 828, 889, 744, 609, 33, 132, 774, 745, 909, 955, 474, 567, 807, 951, 114, 712, 901, 826, 126, 751, 387, 561, 132, 525, 705, 165, 372, 72, 940, 144, 300, 276, 865, 414, 976, 207, 840, 874, 291, 825, 135, 943, 706, 210, 766, 483, 813, 715, 63, 832, 570, 261, 51, 771, 138, 703, 84, 738, 898, 414, 801, 231, 826, 835, 609, 810, 96, 501, 778, 477, 804, 828, 327, 898, 771, 864, 6, 997, 984, 739, 186, 820, 817, 832, 138, 84, 450, 9, 703, 916, 402, 910, 663, 720, 45, 357, 874, 624, 883, 384, 786, 919, 174, 849, 927, 348, 564, 931, 747, 513, 315, 862, 321, 405, 819, 648, 700, 970, 342, 867, 546, 84, 213, 360, 6, 826, 540, 883, 895, 687, 877, 423, 72, 796, 213, 201, 861, 783, 991, 943, 796, 904, 703, 480, 588, 306, 945, 781, 633, 999, 793, 363, 750, 934, 861, 987, 72, 33, 345, 483, 891, 781, 889, 345, 597, 357, 585, 840, 901, 111, 474, 315, 222, 787, 702, 474, 994, 978, 165, 705, 315, 498, 318, 639, 850, 826, 624, 321, 790, 804, 387, 498, 763, 742, 705, 129, 831, 516, 585, 898, 942, 984, 718, 820, 834, 531, 960, 276, 39, 972, 189, 841, 847, 690, 807, 985, 696, 663, 324, 940, 576, 327, 745, 816, 876, 522, 306, 9, 912, 600, 874, 787, 516, 877, 582, 60, 69, 897, 877, 733, 957, 345, 907, 246, 546, 528, 907, 102, 180, 924, 822, 954, 291, 102, 946, 495, 702, 787, 195, 990, 849, 171, 420, 807, 816, 345, 783, 582, 720, 804, 378, 976, 754, 477, 150, 783, 129, 999, 42, 570, 576, 465, 849, 369, 306, 958, 294, 996, 573, 483, 387, 351, 810, 345, 252, 165, 940, 928, 600, 717, 861, 99, 42, 579, 246, 802, 210, 835, 747, 822, 754, 453, 883, 763, 198, 87, 828, 906, 627, 180, 705, 525, 603, 510, 874, 345, 741, 886, 183, 99, 832, 573, 868, 918, 772, 612, 357, 805, 240, 945, 579, 774, 417, 885, 675, 990, 672, 108, 156, 709, 135, 780, 781, 957, 807, 733, 462, 783, 768, 730, 862, 75, 465, 838, 387, 312, 954, 654, 825, 928, 297, 477, 363, 879, 243, 975, 867, 954, 45, 618, 78, 660, 826, 636, 975, 910, 294, 417, 246, 678, 943, 219, 811, 270, 441, 375, 709, 775, 726, 261, 847, 291, 718, 816, 886, 480, 796, 246, 784, 201, 276, 303, 802, 967, 789, 570, 201, 117, 498, 435, 381, 882, 507, 801, 913, 69, 3, 546, 66, 471, 30, 934, 627, 976, 862, 453, 918, 516, 931, 970, 901, 453, 237, 975, 730, 573, 760, 240, 735, 709, 865, 6, 816, 225, 468, 90, 894, 715, 513, 955, 408, 378, 880, 772, 706, 150, 765, 531, 811, 843, 318, 726, 774, 916, 249, 207, 588, 186, 798, 883, 360, 177, 267, 177, 393, 850, 204, 363, 915, 739, 753, 390, 192, 597, 18, 850, 748, 354, 991, 48, 852, 855, 865, 771, 330, 654, 240, 591, 651, 855, 432, 751, 627, 741, 816, 718, 210, 850, 504, 519, 738, 300, 801, 180, 817, 793, 690, 462, 871, 933, 937, 897, 946, 15, 363, 567, 30, 870, 138, 138, 216, 900, 693, 817, 417, 717, 766, 906, 889, 78, 240, 712, 792, 63, 984, 807, 799, 102, 21, 45, 963, 958, 144, 843, 573, 969, 237, 904, 705, 435, 937, 802, 979, 849, 925, 786, 417, 744, 912, 588, 820, 855, 987, 300, 801, 588, 363, 922, 591, 954, 327, 936, 375, 252, 630, 24, 991, 276, 276, 843, 120, 66, 862, 141, 768, 654, 700, 141, 561, 864, 108, 615, 805, 843, 663, 420, 114, 450, 853, 898, 996, 105, 192, 162, 93, 889, 792, 795, 492, 42, 555, 426, 225, 24, 531, 951, 264, 711, 880, 15, 792, 498, 213, 498, 327, 687, 156, 819, 438, 684, 579, 114, 627, 339, 6, 706, 957, 789, 429, 417, 724, 852, 552, 324, 603, 405, 805, 757, 784, 123, 835, 441, 9, 309, 828, 999, 769, 972, 84, 669, 919, 72, 934, 714, 780, 808, 594, 832, 57, 207, 438, 591, 495, 129, 285, 693, 1000, 375, 57, 144, 934, 102, 799, 381, 765, 510, 366, 99, 363, 207, 996, 987, 486, 72, 300, 303, 721, 141, 75, 228, 669, 54, 768, 597, 870, 814, 790, 738, 39, 537, 712, 949, 871, 177, 96, 687, 828, 921, 66, 135, 765, 781, 838, 876, 255, 666, 724, 874, 336, 69, 414, 309, 513, 192, 435, 690, 844, 930, 922, 639, 748, 276, 930, 669, 715, 63, 351, 994, 741, 703, 838, 732, 859, 748, 423, 832, 732, 414, 736, 630, 981, 372, 279, 703, 588, 886, 603, 333, 165, 675, 186, 798, 306, 162, 327, 573, 327, 324, 988, 829, 850, 811, 243, 666, 630, 495, 663, 495, 555, 774, 933, 783, 963, 994, 880, 462, 864, 823, 372, 498, 939, 60, 972, 597, 927, 726, 507, 231, 943, 525, 933, 642, 348, 888, 45, 279, 957, 877, 585, 288, 936, 624, 729, 807, 847, 768, 720, 855, 390, 861, 847, 135, 739, 456, 384, 828, 843, 807, 727, 904, 754, 348, 249, 321, 54, 327, 78, 105, 297, 729, 420, 696, 24, 820, 267, 204, 867, 222, 492, 867, 951, 877, 465, 609, 919, 988, 933, 961, 793, 117, 468, 195, 811, 54, 817, 336, 835, 657, 919, 294, 36, 174, 636, 333, 913, 378, 606, 948, 844, 969, 474, 411, 219, 171, 787, 18, 703, 817, 834, 810, 387, 570, 105, 810, 27, 772, 354, 793, 681, 618, 928, 888, 834, 495, 835, 69, 579, 231, 813, 967, 936, 807, 895, 372, 790, 793, 798, 663, 627, 441, 222, 234, 816, 895, 790, 790, 516, 666, 745, 915, 588, 102, 751, 513, 573, 897, 844, 918, 267, 745, 772, 745, 969, 18, 72, 732, 81, 576, 804, 675, 745, 948, 843, 150, 45, 796, 891, 435, 858, 327, 594, 756, 817, 841, 973, 138, 886, 745, 393, 826, 300, 204, 558, 970, 129, 894, 420, 429, 784, 288, 718, 946, 750, 751, 399, 898, 363, 780, 615, 312, 492, 297, 742, 345, 817, 726, 733, 255, 825, 606, 754, 861, 63, 807, 438, 135, 979, 234, 237, 285, 258, 561, 787, 105, 399, 987, 957, 423, 390, 285, 807, 633, 991, 711, 537, 798, 585, 741, 754, 822, 859, 624, 721, 69, 855, 42, 570, 736, 9, 138, 855, 727, 441, 174, 249, 39, 787, 907, 906, 120, 582, 799, 579, 411, 534, 825, 960, 814, 30, 969, 738, 186, 804, 573, 888, 961, 174, 699, 882, 27, 844, 93, 96, 150, 733, 829, 189, 348, 411, 802, 732, 639, 189, 225, 651, 537, 18, 715, 801, 796, 303, 30, 829, 987, 114, 588, 988, 390, 273, 381, 957, 9, 279, 711, 135, 970, 738, 930, 982, 60, 825, 804, 730, 778, 636, 916, 699, 849, 904, 180, 760, 792, 669, 841, 718, 321, 342, 441, 558, 877, 847, 898, 708, 870, 642, 450, 354, 760, 862, 715, 853, 456, 964, 964, 72, 504, 672, 841, 609, 180, 910, 871, 765, 177, 877, 177, 844, 240, 450, 978, 819, 9, 189, 648, 234, 183, 171, 825, 921, 84, 75, 399, 249, 516, 78, 600, 345, 811, 285, 957, 648, 489, 201, 468, 357, 183, 993, 864, 945, 180, 159, 786, 72, 994, 297, 357, 279, 730, 84, 871, 78, 792, 844, 636, 730, 612, 495, 732, 753, 174, 168, 960, 832, 156, 858, 988, 663, 826, 93, 246, 748, 249, 558, 720, 36, 21, 796, 969, 721, 372, 303, 375, 733, 849, 231, 684, 45, 712, 804, 982, 730, 183, 378, 96, 729, 813, 769, 186, 880, 856, 513, 72, 727, 519, 372, 759, 513, 873, 177, 726, 780, 996, 297, 327, 423, 432, 736, 900, 519, 144, 817, 546, 949, 853, 3, 432, 766, 705, 108, 763, 870, 231, 975, 777, 285, 372, 811, 393, 222, 366, 916, 405, 246, 657, 342, 882, 907, 372, 844, 751, 709, 756, 375, 970, 873, 666, 823, 787, 964, 774, 267, 138, 270, 381, 69, 384, 744, 264, 910, 6, 841, 309, 943, 426, 769, 838, 672, 360, 844, 880, 801, 759, 778, 927, 775, 174, 925, 522, 255, 162, 727, 441, 648, 891, 991, 369, 829, 318, 729, 168, 702, 420, 426, 420, 147, 201, 189, 420, 510, 435, 898, 573, 739, 819, 769, 75, 474, 174, 736, 850, 636, 468, 441, 186, 489, 390, 540, 177, 864, 438, 303, 762, 591, 718, 468, 777, 718, 159, 994, 790, 783, 90, 591, 534, 778, 177, 396, 964, 819, 690, 381, 585, 426, 480, 657, 582, 750, 333, 777, 465, 129, 778, 978, 477, 999, 153, 952, 45, 793, 909, 847, 273, 892, 862, 882, 727, 934, 862, 972, 910, 153, 405, 924, 922, 21, 87, 267, 883, 288, 600, 966, 402, 60, 804, 934, 837, 957, 762, 339, 879, 862, 786, 18, 834, 147, 726, 501, 657, 132, 816, 657, 153, 195, 537, 15, 760, 288, 735, 375, 738, 838, 976, 952, 84, 270, 912, 891, 768, 213, 477, 336, 687, 456, 690, 510, 771, 681, 411, 444, 408, 723, 21, 874, 712, 504, 474, 808, 366, 946, 820, 102, 183, 573, 282, 39, 730, 456, 57, 87, 588, 844, 805, 336, 234, 42, 876, 825, 742, 766, 882, 955, 360, 759, 913, 853, 820, 952, 312, 474, 738, 817, 390, 766, 396, 934, 573, 21, 228, 751, 336, 777, 700, 378, 946, 384, 838, 516, 747, 204, 12, 465, 93, 531, 913, 850, 543, 561, 736, 84, 783, 675, 837, 624, 771, 978, 687, 180, 702, 828, 126, 885, 972]
Run time:180.0057110786438
--------------------------------------------