Group: ./kplib/05SubsetSum/
----------Test case: n00050------------
Total value = 14239
Total weight: 14239
Packed items: [1, 2, 3, 4, 5, 6, 7, 8, 9, 10, 11, 12, 13, 14, 15, 16, 17, 18, 19, 21, 22, 23, 30, 35]
Packed_weights: [758, 421, 259, 512, 405, 784, 304, 477, 584, 909, 505, 282, 756, 619, 251, 910, 983, 811, 903, 730, 899, 684, 478, 15]
Run time:0.0
--------------------------------------------
----------Test case: n00100------------
Total value = 29017
Total weight: 29017
Packed items: [0, 1, 2, 3, 4, 5, 6, 7, 8, 9, 10, 11, 12, 13, 14, 15, 16, 17, 18, 19, 21, 22, 23, 24, 25, 26, 27, 28, 29, 30, 31, 32, 33, 34, 35, 36, 37, 38, 39, 40, 41, 42, 43, 44, 45, 46, 47, 49, 50]
Packed_weights: [845, 758, 421, 259, 512, 405, 784, 304, 477, 584, 909, 505, 282, 756, 619, 251, 910, 983, 811, 903, 730, 899, 684, 473, 101, 435, 611, 914, 967, 478, 866, 261, 806, 549, 15, 720, 399, 825, 669, 2, 494, 868, 244, 326, 871, 192, 568, 968, 804]
Run time:0.0
--------------------------------------------
----------Test case: n00200------------
Total value = 51563
Total weight: 51563
Packed items: [0, 1, 2, 3, 4, 5, 6, 7, 8, 9, 10, 11, 12, 13, 14, 15, 16, 17, 18, 19, 20, 21, 22, 23, 24, 25, 26, 27, 28, 29, 30, 31, 32, 33, 34, 35, 36, 37, 38, 39, 40, 41, 42, 44, 45, 46, 47, 48, 49, 50, 51, 52, 53, 54, 55, 56, 57, 58, 59, 60, 61, 62, 63, 64, 65, 66, 67, 68, 69, 70, 71, 72, 73, 74, 75, 76, 77, 78, 79, 80, 81, 82, 83, 84, 86, 87, 88, 89]
Packed_weights: [845, 758, 421, 259, 512, 405, 784, 304, 477, 584, 909, 505, 282, 756, 619, 251, 910, 983, 811, 903, 311, 730, 899, 684, 473, 101, 435, 611, 914, 967, 478, 866, 261, 806, 549, 15, 720, 399, 825, 669, 2, 494, 868, 326, 871, 192, 568, 239, 968, 804, 448, 81, 321, 508, 933, 110, 552, 707, 548, 815, 541, 964, 604, 588, 445, 597, 385, 576, 291, 190, 187, 613, 657, 477, 90, 758, 877, 924, 843, 899, 924, 541, 392, 706, 812, 850, 896, 590]
Run time:0.0
--------------------------------------------
----------Test case: n00500------------
Total value = 127278
Total weight: 127278
Packed items: [0, 1, 2, 3, 4, 5, 6, 7, 8, 9, 10, 11, 12, 13, 14, 15, 16, 17, 18, 19, 20, 21, 22, 23, 24, 25, 26, 27, 28, 29, 30, 31, 32, 33, 34, 35, 36, 37, 38, 39, 40, 41, 42, 43, 44, 45, 46, 47, 48, 49, 50, 51, 52, 53, 54, 55, 56, 57, 58, 59, 60, 61, 62, 63, 64, 65, 66, 67, 68, 69, 70, 71, 72, 73, 74, 75, 76, 77, 78, 79, 80, 81, 82, 83, 84, 85, 86, 87, 88, 89, 90, 91, 92, 93, 94, 95, 96, 97, 98, 99, 100, 101, 102, 103, 104, 105, 106, 107, 108, 109, 110, 111, 112, 113, 114, 115, 116, 118, 119, 120, 121, 122, 123, 124, 125, 126, 127, 128, 129, 130, 131, 132, 133, 134, 135, 136, 137, 138, 139, 140, 141, 142, 143, 144, 145, 146, 147, 148, 149, 150, 151, 152, 153, 154, 155, 156, 157, 158, 159, 160, 161, 162, 163, 164, 165, 166, 167, 168, 169, 170, 171, 172, 173, 174, 175, 176, 177, 178, 179, 180, 181, 182, 183, 184, 185, 186, 187, 188, 189, 190, 191, 192, 193, 194, 195, 196, 197, 198, 199, 200, 201, 202, 203, 204, 205, 206, 207, 208, 209, 210, 211, 212, 213, 214, 215, 216, 217, 218, 219, 220, 221, 222, 223, 224, 226, 227, 228, 229, 230, 231, 232, 233, 234, 235, 236, 237, 238, 239, 240, 241, 243, 244]
Packed_weights: [845, 758, 421, 259, 512, 405, 784, 304, 477, 584, 909, 505, 282, 756, 619, 251, 910, 983, 811, 903, 311, 730, 899, 684, 473, 101, 435, 611, 914, 967, 478, 866, 261, 806, 549, 15, 720, 399, 825, 669, 2, 494, 868, 244, 326, 871, 192, 568, 239, 968, 804, 448, 81, 321, 508, 933, 110, 552, 707, 548, 815, 541, 964, 604, 588, 445, 597, 385, 576, 291, 190, 187, 613, 657, 477, 90, 758, 877, 924, 843, 899, 924, 541, 392, 706, 276, 812, 850, 896, 590, 950, 580, 451, 661, 997, 917, 794, 83, 613, 487, 631, 846, 244, 732, 118, 221, 795, 333, 816, 101, 147, 698, 46, 574, 911, 535, 681, 635, 607, 576, 392, 371, 981, 37, 22, 962, 185, 124, 211, 801, 937, 23, 426, 102, 260, 221, 647, 351, 181, 504, 40, 101, 989, 200, 359, 732, 839, 919, 170, 673, 967, 59, 677, 846, 343, 251, 597, 443, 175, 472, 410, 570, 509, 312, 358, 838, 251, 561, 13, 742, 336, 46, 281, 241, 954, 353, 288, 360, 947, 634, 622, 716, 389, 415, 651, 2, 193, 335, 240, 638, 379, 876, 569, 415, 403, 702, 419, 663, 47, 446, 260, 158, 528, 488, 562, 756, 884, 495, 313, 467, 810, 876, 813, 189, 1000, 634, 84, 726, 987, 402, 679, 317, 214, 718, 823, 529, 98, 119, 650, 874, 280, 979, 101, 854, 397, 82, 275, 453, 793, 862, 521, 651]
Run time:0.0
--------------------------------------------
----------Test case: n01000------------
Total value = 245972
Total weight: 245972
Packed items: [0, 1, 2, 3, 4, 5, 6, 7, 8, 9, 10, 11, 12, 13, 14, 15, 16, 17, 18, 19, 20, 21, 22, 23, 24, 25, 26, 27, 28, 29, 30, 31, 32, 33, 34, 35, 36, 37, 38, 39, 40, 41, 42, 43, 44, 45, 46, 47, 48, 49, 50, 51, 52, 53, 54, 55, 56, 57, 58, 59, 60, 61, 62, 63, 64, 65, 66, 67, 68, 69, 70, 71, 72, 73, 74, 75, 76, 77, 78, 79, 80, 81, 82, 83, 84, 85, 86, 87, 88, 89, 90, 91, 92, 93, 94, 95, 96, 97, 98, 99, 100, 101, 102, 103, 104, 105, 106, 107, 108, 109, 110, 111, 112, 113, 114, 115, 116, 117, 118, 119, 120, 121, 122, 123, 124, 125, 126, 127, 128, 129, 130, 131, 132, 133, 134, 135, 136, 137, 138, 139, 140, 141, 142, 143, 144, 145, 146, 147, 148, 149, 150, 151, 152, 153, 154, 155, 156, 157, 158, 159, 160, 161, 162, 163, 164, 165, 166, 167, 168, 169, 170, 171, 172, 173, 174, 175, 176, 177, 178, 179, 180, 181, 182, 183, 184, 185, 186, 187, 188, 189, 190, 191, 192, 193, 194, 195, 196, 197, 198, 199, 200, 201, 202, 203, 204, 205, 206, 207, 208, 209, 210, 211, 212, 213, 214, 215, 216, 217, 218, 219, 221, 222, 223, 224, 225, 226, 227, 228, 229, 230, 231, 232, 233, 234, 235, 236, 237, 238, 239, 240, 241, 242, 243, 244, 245, 246, 247, 248, 249, 250, 251, 252, 253, 254, 255, 256, 257, 258, 259, 260, 261, 262, 263, 264, 265, 266, 267, 268, 269, 270, 271, 272, 273, 274, 275, 276, 277, 278, 279, 280, 281, 282, 283, 284, 285, 286, 287, 288, 289, 290, 291, 292, 293, 294, 295, 296, 297, 298, 299, 300, 301, 302, 303, 304, 305, 306, 307, 308, 309, 310, 311, 312, 313, 314, 315, 316, 317, 318, 319, 320, 321, 322, 323, 324, 325, 326, 327, 328, 329, 330, 331, 332, 333, 334, 335, 336, 337, 338, 339, 340, 341, 342, 343, 344, 345, 346, 347, 348, 349, 350, 351, 352, 353, 354, 355, 356, 357, 358, 359, 360, 361, 362, 363, 364, 365, 366, 367, 368, 369, 370, 371, 372, 373, 374, 375, 376, 377, 378, 379, 380, 381, 382, 383, 384, 385, 386, 387, 388, 389, 390, 391, 392, 393, 394, 395, 396, 397, 398, 399, 400, 401, 402, 403, 404, 405, 406, 407, 408, 409, 410, 411, 412, 413, 414, 415, 416, 417, 418, 419, 420, 421, 422, 423, 424, 425, 426, 427, 428, 429, 430, 431, 432, 433, 434, 435, 436, 437, 438, 439, 440, 441, 442, 443, 444, 445, 446, 447, 448, 449, 450, 451, 452, 453, 454, 455, 456, 457, 458, 459, 460, 461, 462, 463, 464, 465, 466, 467, 468, 469, 470, 471, 472, 473, 474, 475, 476, 477]
Packed_weights: [845, 758, 421, 259, 512, 405, 784, 304, 477, 584, 909, 505, 282, 756, 619, 251, 910, 983, 811, 903, 311, 730, 899, 684, 473, 101, 435, 611, 914, 967, 478, 866, 261, 806, 549, 15, 720, 399, 825, 669, 2, 494, 868, 244, 326, 871, 192, 568, 239, 968, 804, 448, 81, 321, 508, 933, 110, 552, 707, 548, 815, 541, 964, 604, 588, 445, 597, 385, 576, 291, 190, 187, 613, 657, 477, 90, 758, 877, 924, 843, 899, 924, 541, 392, 706, 276, 812, 850, 896, 590, 950, 580, 451, 661, 997, 917, 794, 83, 613, 487, 631, 846, 244, 732, 118, 221, 795, 333, 816, 101, 147, 698, 46, 574, 911, 535, 681, 27, 635, 607, 576, 392, 371, 981, 37, 22, 962, 185, 124, 211, 801, 937, 23, 426, 102, 260, 221, 647, 351, 181, 504, 40, 101, 989, 200, 359, 732, 839, 919, 170, 673, 967, 59, 677, 846, 343, 251, 597, 443, 175, 472, 410, 570, 509, 312, 358, 838, 251, 561, 13, 742, 336, 46, 281, 241, 954, 353, 288, 360, 947, 634, 622, 716, 389, 415, 651, 2, 193, 335, 240, 638, 379, 876, 569, 415, 403, 702, 419, 663, 47, 446, 260, 158, 528, 488, 562, 756, 884, 495, 313, 467, 810, 876, 813, 189, 1000, 634, 84, 726, 987, 679, 317, 214, 718, 3, 823, 529, 98, 119, 650, 874, 280, 979, 101, 854, 397, 82, 275, 453, 793, 862, 134, 521, 651, 348, 872, 279, 19, 41, 681, 559, 947, 939, 910, 43, 750, 702, 656, 713, 903, 641, 373, 538, 208, 588, 9, 152, 334, 790, 719, 339, 621, 42, 164, 982, 290, 395, 549, 294, 479, 240, 49, 180, 524, 71, 404, 329, 415, 100, 909, 475, 841, 977, 344, 480, 700, 427, 302, 735, 895, 920, 627, 376, 975, 639, 66, 85, 750, 62, 8, 394, 520, 449, 489, 585, 680, 424, 369, 989, 261, 778, 432, 359, 64, 864, 703, 904, 452, 677, 119, 398, 208, 43, 948, 216, 147, 198, 379, 547, 152, 989, 983, 149, 406, 680, 878, 496, 918, 323, 499, 499, 671, 202, 610, 219, 341, 963, 900, 819, 36, 149, 257, 785, 843, 583, 719, 808, 67, 85, 869, 40, 226, 41, 16, 844, 331, 161, 149, 657, 969, 505, 902, 503, 574, 679, 806, 758, 991, 747, 906, 207, 536, 599, 826, 483, 792, 389, 587, 852, 799, 657, 1, 182, 507, 255, 66, 860, 943, 303, 409, 811, 63, 641, 128, 288, 830, 56, 36, 418, 492, 864, 718, 674, 152, 987, 412, 612, 387, 48, 471, 152, 33, 618, 630, 106, 550, 347, 384, 777, 491, 882, 611, 468, 633, 338, 125, 683, 623, 789, 128, 912, 800, 917, 873, 682, 811, 520, 786, 190, 783, 445, 757, 456, 790, 76, 45, 935, 487, 902, 945, 667, 572, 216, 94, 820, 889, 780]
Run time:0.0020046234130859375
--------------------------------------------
----------Test case: n02000------------
Total value = 498452
Total weight: 498452
Packed items: [0, 1, 2, 3, 4, 5, 6, 7, 8, 9, 10, 11, 12, 13, 14, 15, 16, 17, 18, 19, 20, 21, 22, 23, 24, 25, 26, 27, 28, 29, 30, 31, 32, 33, 34, 35, 36, 37, 38, 39, 40, 41, 42, 43, 44, 45, 46, 47, 48, 49, 50, 51, 52, 53, 54, 55, 56, 57, 58, 59, 60, 61, 62, 63, 64, 65, 66, 67, 68, 69, 70, 71, 72, 73, 74, 75, 76, 77, 78, 79, 80, 81, 82, 83, 84, 85, 86, 87, 88, 89, 90, 91, 92, 93, 94, 95, 96, 97, 98, 99, 100, 101, 102, 103, 104, 105, 106, 107, 108, 109, 110, 111, 112, 113, 114, 115, 116, 117, 118, 119, 120, 121, 122, 123, 124, 125, 126, 127, 128, 129, 130, 131, 132, 133, 134, 135, 136, 137, 138, 139, 140, 141, 142, 143, 144, 145, 146, 147, 148, 149, 150, 151, 152, 153, 154, 155, 156, 157, 158, 159, 160, 161, 162, 163, 164, 165, 166, 167, 168, 169, 170, 171, 172, 173, 174, 175, 176, 177, 178, 179, 180, 181, 182, 183, 184, 185, 186, 187, 188, 189, 190, 191, 192, 193, 194, 195, 196, 197, 198, 199, 200, 201, 202, 203, 204, 205, 206, 207, 208, 209, 210, 211, 212, 213, 214, 215, 216, 217, 218, 219, 220, 221, 222, 223, 224, 225, 226, 227, 228, 229, 230, 231, 232, 233, 234, 235, 236, 237, 238, 239, 240, 241, 242, 243, 244, 245, 246, 247, 248, 249, 250, 251, 252, 253, 254, 255, 256, 257, 258, 259, 260, 261, 262, 263, 264, 265, 266, 267, 268, 269, 270, 271, 272, 273, 274, 275, 276, 277, 278, 279, 280, 281, 282, 283, 284, 285, 286, 287, 288, 289, 290, 291, 292, 293, 294, 295, 296, 297, 298, 299, 300, 301, 302, 303, 304, 305, 306, 307, 308, 309, 310, 311, 312, 313, 314, 315, 316, 317, 318, 319, 320, 321, 322, 323, 324, 325, 326, 327, 328, 329, 330, 331, 332, 333, 334, 335, 336, 337, 338, 339, 340, 341, 342, 343, 344, 345, 346, 347, 348, 349, 350, 351, 352, 353, 354, 355, 356, 357, 358, 359, 360, 361, 362, 363, 364, 365, 366, 367, 368, 369, 370, 371, 372, 373, 374, 375, 376, 377, 378, 379, 380, 381, 382, 383, 384, 385, 386, 387, 388, 389, 390, 391, 392, 393, 394, 395, 396, 397, 398, 399, 400, 401, 402, 403, 404, 405, 406, 407, 408, 409, 410, 411, 412, 413, 414, 415, 416, 417, 418, 419, 420, 421, 422, 423, 424, 425, 426, 427, 428, 429, 430, 431, 432, 433, 434, 435, 436, 437, 438, 439, 440, 441, 442, 443, 444, 445, 446, 447, 448, 449, 450, 451, 452, 453, 454, 455, 456, 457, 458, 459, 460, 461, 462, 463, 464, 465, 466, 467, 468, 469, 470, 471, 472, 473, 474, 475, 476, 477, 478, 479, 480, 481, 482, 483, 484, 485, 486, 487, 488, 489, 490, 491, 492, 493, 494, 495, 496, 497, 498, 499, 500, 501, 502, 503, 504, 505, 506, 507, 508, 509, 510, 511, 512, 513, 514, 515, 516, 517, 518, 519, 520, 521, 522, 523, 524, 525, 526, 527, 528, 529, 530, 531, 532, 533, 534, 535, 536, 537, 538, 539, 540, 541, 542, 543, 544, 545, 546, 547, 548, 549, 550, 551, 552, 553, 554, 555, 556, 557, 558, 559, 560, 561, 562, 563, 564, 565, 566, 567, 568, 569, 570, 571, 572, 573, 574, 575, 576, 577, 578, 579, 580, 581, 582, 583, 584, 585, 586, 587, 588, 589, 590, 591, 592, 593, 594, 595, 596, 597, 598, 599, 600, 601, 602, 603, 604, 605, 606, 607, 608, 609, 610, 611, 612, 613, 614, 615, 616, 617, 618, 619, 620, 621, 622, 623, 624, 625, 626, 627, 628, 629, 630, 631, 632, 633, 634, 635, 636, 637, 638, 639, 640, 641, 642, 643, 644, 645, 646, 647, 648, 649, 650, 651, 652, 653, 654, 655, 656, 657, 658, 659, 660, 661, 662, 664, 665, 666, 667, 668, 669, 670, 671, 672, 673, 674, 675, 676, 677, 678, 679, 680, 681, 682, 683, 684, 685, 686, 687, 688, 689, 690, 691, 692, 693, 694, 695, 696, 697, 698, 699, 700, 701, 702, 703, 704, 705, 706, 707, 708, 709, 710, 711, 712, 713, 714, 715, 716, 717, 718, 719, 720, 721, 722, 723, 724, 725, 726, 727, 728, 729, 730, 731, 732, 733, 734, 735, 736, 737, 738, 739, 740, 741, 742, 743, 744, 745, 746, 747, 748, 749, 750, 751, 752, 753, 754, 755, 756, 757, 758, 759, 760, 761, 762, 763, 764, 765, 766, 767, 768, 769, 770, 771, 772, 773, 774, 775, 776, 777, 778, 779, 780, 781, 782, 783, 784, 785, 786, 787, 788, 789, 790, 791, 792, 793, 794, 795, 796, 797, 798, 799, 800, 801, 802, 803, 804, 805, 806, 807, 808, 809, 810, 811, 812, 813, 814, 815, 816, 817, 818, 819, 820, 821, 822, 823, 824, 825, 826, 827, 828, 829, 830, 831, 832, 833, 834, 835, 836, 837, 838, 839, 840, 841, 842, 843, 844, 845, 846, 847, 848, 849, 850, 851, 852, 853, 854, 855, 856, 857, 858, 859, 860, 861, 862, 863, 864, 865, 866, 867, 868, 869, 870, 871, 872, 873, 874, 875, 876, 877, 878, 879, 880, 881, 882, 883, 884, 885, 886, 887, 888, 889, 890, 891, 892, 893, 894, 895, 896, 897, 898, 899, 900, 901, 902, 903, 904, 905, 906, 907, 908, 909, 910, 911, 912, 913, 914, 915, 916, 917, 918, 919, 920, 921, 922, 923, 924, 925, 926, 927, 928, 929, 930, 931, 932, 933, 934, 935, 936, 937, 938, 939, 940, 941, 942, 943, 944, 945, 946, 947, 948, 949, 950, 951, 952, 953, 954, 955, 956, 957, 958, 959, 960, 961, 962, 963, 964, 965, 966, 967, 968, 969, 970, 971, 972, 973, 974, 975, 976, 977, 978, 979, 980, 981, 982, 983, 984, 985, 986, 987, 988, 989, 990, 991, 992, 994, 997, 998, 999, 1000, 1001]
Packed_weights: [845, 758, 421, 259, 512, 405, 784, 304, 477, 584, 909, 505, 282, 756, 619, 251, 910, 983, 811, 903, 311, 730, 899, 684, 473, 101, 435, 611, 914, 967, 478, 866, 261, 806, 549, 15, 720, 399, 825, 669, 2, 494, 868, 244, 326, 871, 192, 568, 239, 968, 804, 448, 81, 321, 508, 933, 110, 552, 707, 548, 815, 541, 964, 604, 588, 445, 597, 385, 576, 291, 190, 187, 613, 657, 477, 90, 758, 877, 924, 843, 899, 924, 541, 392, 706, 276, 812, 850, 896, 590, 950, 580, 451, 661, 997, 917, 794, 83, 613, 487, 631, 846, 244, 732, 118, 221, 795, 333, 816, 101, 147, 698, 46, 574, 911, 535, 681, 27, 635, 607, 576, 392, 371, 981, 37, 22, 962, 185, 124, 211, 801, 937, 23, 426, 102, 260, 221, 647, 351, 181, 504, 40, 101, 989, 200, 359, 732, 839, 919, 170, 673, 967, 59, 677, 846, 343, 251, 597, 443, 175, 472, 410, 570, 509, 312, 358, 838, 251, 561, 13, 742, 336, 46, 281, 241, 954, 353, 288, 360, 947, 634, 622, 716, 389, 415, 651, 2, 193, 335, 240, 638, 379, 876, 569, 415, 403, 702, 419, 663, 47, 446, 260, 158, 528, 488, 562, 756, 884, 495, 313, 467, 810, 876, 813, 189, 1000, 634, 84, 726, 987, 402, 679, 317, 214, 718, 3, 823, 529, 98, 119, 650, 874, 280, 979, 101, 854, 397, 82, 275, 453, 793, 862, 134, 521, 651, 348, 872, 279, 19, 41, 681, 559, 947, 939, 910, 43, 750, 702, 656, 713, 903, 641, 373, 538, 208, 588, 9, 152, 334, 790, 719, 339, 621, 42, 164, 982, 290, 395, 549, 294, 479, 240, 49, 180, 524, 71, 404, 329, 415, 100, 909, 475, 841, 977, 344, 480, 700, 427, 302, 735, 895, 920, 627, 376, 975, 639, 66, 85, 750, 62, 8, 394, 520, 449, 489, 585, 680, 424, 369, 989, 261, 778, 432, 359, 64, 864, 703, 904, 452, 677, 119, 398, 208, 43, 948, 216, 147, 198, 379, 547, 152, 989, 983, 149, 406, 680, 878, 496, 918, 323, 499, 499, 671, 202, 610, 219, 341, 963, 900, 819, 36, 149, 257, 785, 843, 583, 719, 808, 67, 85, 869, 40, 226, 41, 16, 844, 331, 161, 149, 657, 969, 505, 902, 503, 574, 679, 806, 758, 991, 747, 906, 207, 536, 599, 826, 483, 792, 389, 587, 852, 799, 657, 1, 182, 507, 255, 66, 860, 943, 303, 409, 811, 63, 641, 128, 288, 830, 56, 36, 418, 492, 864, 718, 674, 152, 987, 412, 612, 387, 48, 471, 152, 33, 618, 630, 106, 550, 347, 384, 777, 491, 882, 611, 468, 633, 338, 125, 683, 623, 789, 128, 912, 800, 917, 873, 682, 811, 520, 786, 190, 783, 445, 757, 456, 790, 76, 45, 935, 487, 902, 945, 667, 572, 216, 94, 820, 889, 780, 699, 421, 306, 114, 426, 567, 923, 936, 416, 100, 774, 735, 31, 447, 687, 31, 920, 963, 723, 79, 71, 360, 30, 348, 10, 975, 820, 71, 894, 208, 205, 674, 939, 124, 8, 370, 25, 605, 860, 187, 113, 345, 960, 131, 967, 363, 474, 293, 938, 959, 636, 185, 993, 103, 581, 157, 898, 946, 805, 316, 243, 755, 292, 420, 47, 133, 21, 78, 74, 421, 551, 741, 143, 423, 637, 85, 445, 370, 949, 58, 409, 418, 729, 321, 204, 294, 471, 951, 797, 277, 559, 689, 796, 447, 399, 768, 432, 248, 454, 938, 143, 463, 638, 484, 204, 2, 699, 619, 8, 299, 769, 629, 546, 157, 707, 472, 679, 761, 233, 762, 281, 985, 121, 884, 41, 257, 527, 582, 397, 103, 253, 284, 756, 909, 596, 36, 793, 306, 340, 531, 250, 920, 164, 415, 290, 520, 574, 628, 532, 411, 635, 404, 779, 789, 293, 372, 629, 158, 698, 382, 592, 140, 669, 355, 473, 416, 477, 695, 319, 653, 61, 301, 746, 53, 622, 26, 472, 889, 11, 527, 67, 868, 687, 742, 670, 42, 621, 1000, 874, 700, 728, 227, 752, 288, 106, 461, 331, 169, 422, 898, 436, 448, 709, 525, 130, 911, 445, 790, 389, 807, 390, 221, 197, 941, 587, 50, 389, 235, 85, 187, 57, 639, 174, 611, 613, 705, 513, 285, 878, 354, 459, 632, 517, 957, 955, 930, 935, 581, 491, 705, 216, 266, 44, 163, 4, 655, 141, 787, 681, 971, 397, 922, 454, 340, 103, 883, 795, 323, 456, 326, 29, 45, 369, 210, 525, 188, 202, 673, 736, 313, 860, 255, 344, 713, 45, 935, 73, 461, 725, 48, 810, 979, 461, 119, 82, 99, 766, 415, 920, 441, 78, 427, 755, 830, 40, 181, 491, 129, 872, 935, 320, 435, 558, 286, 542, 202, 297, 442, 605, 537, 261, 232, 119, 784, 99, 733, 249, 285, 737, 660, 742, 516, 860, 122, 646, 119, 738, 359, 675, 704, 661, 222, 832, 241, 519, 675, 234, 629, 287, 172, 810, 554, 328, 586, 26, 130, 396, 976, 511, 77, 766, 782, 775, 570, 696, 214, 733, 817, 760, 354, 592, 629, 901, 109, 834, 527, 359, 456, 13, 221, 653, 661, 495, 954, 481, 314, 848, 260, 605, 704, 822, 786, 385, 60, 39, 727, 962, 344, 442, 726, 658, 261, 672, 305, 357, 540, 733, 152, 22, 628, 25, 45, 226, 654, 67, 63, 973, 423, 893, 217, 436, 359, 177, 329, 987, 748, 383, 410, 264, 532, 736, 687, 463, 42, 922, 409, 391, 4, 139, 869, 514, 733, 149, 331, 841, 821, 247, 22, 807, 169, 788, 684, 169, 79, 928, 598, 621, 458, 151, 602, 253, 806, 733, 28, 933, 37, 90, 293, 151, 237, 356, 736, 405, 270, 493, 393, 311, 901, 551, 978, 773, 571, 263, 687, 456, 722, 404, 497, 21, 740, 35, 681, 583, 776, 290, 687, 208, 530, 341, 979, 972, 209, 567, 330, 969, 925, 587, 721, 682, 354, 917, 900, 331, 748, 10, 817, 565, 953, 364, 626, 324, 783, 601, 988, 141, 930, 949, 481, 947, 819]
Run time:0.010115385055541992
--------------------------------------------
----------Test case: n05000------------
Total value = 1249257
Total weight: 1249257
Packed items: [0, 1, 2, 3, 4, 5, 6, 7, 8, 9, 10, 11, 12, 13, 14, 15, 16, 17, 18, 19, 20, 21, 22, 23, 24, 25, 26, 27, 28, 29, 30, 31, 32, 33, 34, 35, 36, 37, 38, 39, 40, 41, 42, 43, 44, 45, 46, 47, 48, 49, 50, 51, 52, 53, 54, 55, 56, 57, 58, 59, 60, 61, 62, 63, 64, 65, 66, 67, 68, 69, 70, 71, 72, 73, 74, 75, 76, 77, 78, 79, 80, 81, 82, 83, 84, 85, 86, 87, 88, 89, 90, 91, 92, 93, 94, 95, 96, 97, 98, 99, 100, 101, 102, 103, 104, 105, 106, 107, 108, 109, 110, 111, 112, 113, 114, 115, 116, 117, 118, 119, 120, 121, 122, 123, 124, 125, 126, 127, 128, 129, 130, 131, 132, 133, 134, 135, 136, 137, 138, 139, 140, 141, 142, 143, 144, 145, 146, 147, 148, 149, 150, 151, 152, 153, 154, 155, 156, 157, 158, 159, 160, 161, 162, 163, 164, 165, 166, 167, 168, 169, 170, 171, 172, 173, 174, 175, 176, 177, 178, 179, 180, 181, 182, 183, 184, 185, 186, 187, 188, 189, 190, 191, 192, 193, 194, 195, 196, 197, 198, 199, 200, 201, 202, 203, 204, 205, 206, 207, 208, 209, 210, 211, 212, 213, 214, 215, 216, 217, 218, 219, 220, 221, 222, 223, 224, 225, 226, 227, 228, 229, 230, 231, 232, 233, 234, 235, 236, 237, 238, 239, 240, 241, 242, 243, 244, 245, 246, 247, 248, 249, 250, 251, 252, 253, 254, 255, 256, 257, 258, 259, 260, 261, 262, 263, 264, 265, 266, 267, 268, 269, 270, 271, 272, 273, 274, 275, 276, 277, 278, 279, 280, 281, 282, 283, 284, 285, 286, 287, 288, 289, 290, 291, 292, 293, 294, 295, 296, 297, 298, 299, 300, 301, 302, 303, 304, 305, 306, 307, 308, 309, 310, 311, 312, 313, 314, 315, 316, 317, 318, 319, 320, 321, 322, 323, 324, 325, 326, 327, 328, 329, 330, 331, 332, 333, 334, 335, 336, 337, 338, 339, 340, 341, 342, 343, 344, 345, 346, 347, 348, 349, 350, 351, 352, 353, 354, 355, 356, 357, 358, 359, 360, 361, 362, 363, 364, 365, 366, 367, 368, 369, 370, 371, 372, 373, 374, 375, 376, 377, 378, 379, 380, 381, 382, 383, 384, 385, 386, 387, 388, 389, 390, 391, 392, 393, 394, 395, 396, 397, 398, 399, 400, 401, 402, 403, 404, 405, 406, 407, 408, 409, 410, 411, 412, 413, 414, 415, 416, 417, 418, 419, 420, 421, 422, 423, 424, 425, 426, 427, 428, 429, 430, 431, 432, 433, 434, 435, 436, 437, 438, 439, 440, 441, 442, 443, 444, 445, 446, 447, 448, 449, 450, 451, 452, 453, 454, 455, 456, 457, 458, 459, 460, 461, 462, 463, 464, 465, 466, 467, 468, 469, 470, 471, 472, 473, 474, 475, 476, 477, 478, 479, 480, 481, 482, 483, 484, 485, 486, 487, 488, 489, 490, 491, 492, 493, 494, 495, 496, 497, 498, 499, 500, 501, 502, 503, 504, 505, 506, 507, 508, 509, 510, 511, 512, 513, 514, 515, 516, 517, 518, 519, 520, 521, 522, 523, 524, 525, 526, 527, 528, 529, 530, 531, 532, 533, 534, 535, 536, 537, 538, 539, 540, 541, 542, 543, 544, 545, 546, 547, 548, 549, 550, 551, 552, 553, 554, 555, 556, 557, 558, 559, 560, 561, 562, 563, 564, 565, 566, 567, 568, 569, 570, 571, 572, 573, 574, 575, 576, 577, 578, 579, 580, 581, 582, 583, 584, 585, 586, 587, 588, 589, 590, 591, 592, 593, 594, 595, 596, 597, 598, 599, 600, 601, 602, 603, 604, 605, 606, 607, 608, 609, 610, 611, 612, 613, 614, 615, 616, 617, 618, 619, 620, 621, 622, 623, 624, 625, 626, 627, 628, 629, 630, 631, 632, 633, 634, 635, 636, 637, 638, 639, 640, 641, 642, 643, 644, 645, 646, 647, 648, 649, 650, 651, 652, 653, 654, 655, 656, 657, 658, 659, 660, 661, 662, 663, 664, 665, 666, 667, 668, 669, 670, 671, 672, 673, 674, 675, 676, 677, 678, 679, 680, 681, 682, 683, 684, 685, 686, 687, 688, 689, 690, 691, 692, 693, 694, 695, 696, 697, 698, 699, 700, 701, 702, 703, 704, 705, 706, 707, 708, 709, 710, 711, 712, 713, 714, 715, 716, 717, 718, 719, 720, 721, 722, 723, 724, 725, 726, 727, 728, 729, 730, 731, 732, 733, 734, 735, 736, 737, 738, 739, 740, 741, 742, 743, 744, 745, 746, 747, 748, 749, 750, 751, 752, 753, 754, 755, 756, 757, 758, 759, 760, 761, 762, 763, 764, 765, 766, 767, 768, 769, 770, 771, 772, 773, 774, 775, 776, 777, 778, 779, 780, 781, 782, 783, 784, 785, 786, 787, 788, 789, 790, 791, 792, 793, 794, 795, 796, 797, 798, 799, 800, 801, 802, 803, 804, 805, 806, 807, 808, 809, 810, 811, 812, 813, 814, 815, 816, 817, 818, 819, 820, 821, 822, 823, 824, 825, 826, 827, 828, 829, 830, 831, 832, 833, 834, 835, 836, 837, 838, 839, 840, 841, 842, 843, 844, 845, 846, 847, 848, 849, 850, 851, 852, 853, 854, 855, 856, 857, 858, 859, 860, 861, 862, 863, 864, 865, 866, 867, 868, 869, 870, 871, 872, 873, 874, 875, 876, 877, 878, 879, 880, 881, 882, 883, 884, 885, 886, 887, 888, 889, 890, 891, 892, 893, 894, 895, 896, 897, 898, 899, 900, 901, 902, 903, 904, 905, 906, 907, 908, 909, 910, 911, 912, 913, 914, 915, 916, 917, 918, 919, 920, 921, 922, 923, 924, 925, 926, 927, 928, 929, 930, 931, 932, 933, 934, 935, 936, 937, 938, 939, 940, 941, 942, 943, 944, 945, 946, 947, 948, 949, 950, 951, 952, 953, 954, 955, 956, 957, 958, 959, 960, 961, 962, 963, 964, 965, 966, 967, 968, 969, 970, 971, 972, 973, 974, 975, 976, 977, 978, 979, 980, 981, 982, 983, 984, 985, 986, 987, 988, 989, 990, 991, 992, 993, 994, 995, 996, 997, 998, 999, 1000, 1001, 1002, 1003, 1004, 1005, 1006, 1007, 1008, 1009, 1010, 1011, 1012, 1013, 1014, 1015, 1016, 1017, 1018, 1019, 1020, 1021, 1022, 1023, 1024, 1025, 1026, 1027, 1028, 1029, 1030, 1031, 1032, 1033, 1034, 1035, 1036, 1037, 1038, 1039, 1040, 1041, 1042, 1043, 1044, 1045, 1046, 1047, 1048, 1049, 1050, 1051, 1052, 1053, 1054, 1055, 1056, 1057, 1058, 1059, 1060, 1061, 1062, 1063, 1064, 1065, 1066, 1067, 1068, 1069, 1070, 1071, 1072, 1073, 1074, 1075, 1076, 1077, 1078, 1079, 1080, 1081, 1082, 1083, 1084, 1085, 1086, 1087, 1088, 1089, 1090, 1091, 1092, 1093, 1094, 1095, 1096, 1097, 1098, 1099, 1100, 1101, 1102, 1103, 1104, 1105, 1106, 1107, 1108, 1109, 1110, 1111, 1112, 1113, 1114, 1115, 1116, 1117, 1118, 1119, 1120, 1121, 1122, 1123, 1124, 1125, 1126, 1127, 1128, 1129, 1130, 1131, 1132, 1133, 1134, 1135, 1136, 1137, 1138, 1139, 1140, 1141, 1142, 1143, 1144, 1145, 1146, 1147, 1148, 1149, 1150, 1151, 1152, 1153, 1154, 1155, 1156, 1157, 1158, 1159, 1160, 1161, 1162, 1163, 1164, 1165, 1166, 1167, 1168, 1169, 1170, 1171, 1172, 1173, 1174, 1175, 1176, 1177, 1178, 1179, 1180, 1181, 1182, 1183, 1184, 1185, 1186, 1187, 1188, 1189, 1190, 1191, 1192, 1193, 1194, 1195, 1196, 1197, 1198, 1199, 1200, 1201, 1202, 1203, 1204, 1205, 1206, 1207, 1208, 1209, 1210, 1211, 1212, 1213, 1214, 1215, 1216, 1217, 1218, 1219, 1220, 1221, 1222, 1223, 1224, 1225, 1226, 1227, 1228, 1229, 1230, 1231, 1232, 1233, 1234, 1235, 1236, 1237, 1238, 1239, 1240, 1241, 1242, 1243, 1244, 1245, 1246, 1247, 1248, 1249, 1250, 1251, 1252, 1253, 1254, 1255, 1256, 1257, 1258, 1259, 1260, 1261, 1262, 1263, 1264, 1265, 1266, 1267, 1268, 1269, 1270, 1271, 1272, 1273, 1274, 1275, 1276, 1277, 1278, 1279, 1280, 1281, 1282, 1283, 1284, 1285, 1286, 1287, 1288, 1289, 1290, 1291, 1292, 1293, 1294, 1295, 1296, 1297, 1298, 1299, 1300, 1301, 1302, 1303, 1304, 1305, 1306, 1307, 1308, 1309, 1310, 1311, 1312, 1313, 1314, 1315, 1316, 1317, 1318, 1319, 1320, 1321, 1322, 1323, 1324, 1325, 1326, 1327, 1328, 1329, 1330, 1331, 1332, 1333, 1334, 1335, 1336, 1337, 1338, 1339, 1340, 1341, 1342, 1343, 1344, 1345, 1346, 1347, 1348, 1349, 1350, 1351, 1352, 1353, 1354, 1355, 1356, 1357, 1358, 1359, 1360, 1361, 1362, 1363, 1364, 1365, 1366, 1367, 1368, 1369, 1370, 1371, 1372, 1373, 1374, 1375, 1376, 1377, 1378, 1379, 1380, 1381, 1382, 1383, 1384, 1385, 1386, 1387, 1388, 1389, 1390, 1391, 1392, 1393, 1394, 1395, 1396, 1397, 1398, 1399, 1400, 1401, 1402, 1403, 1404, 1405, 1406, 1407, 1408, 1409, 1410, 1411, 1412, 1413, 1414, 1415, 1416, 1417, 1418, 1419, 1420, 1421, 1422, 1423, 1424, 1425, 1426, 1427, 1428, 1429, 1430, 1431, 1432, 1433, 1434, 1435, 1436, 1437, 1438, 1439, 1440, 1441, 1442, 1443, 1444, 1445, 1446, 1447, 1448, 1449, 1450, 1451, 1452, 1453, 1454, 1455, 1456, 1457, 1458, 1459, 1460, 1461, 1462, 1463, 1464, 1465, 1466, 1467, 1468, 1469, 1470, 1471, 1472, 1473, 1474, 1475, 1476, 1477, 1478, 1479, 1480, 1481, 1482, 1483, 1484, 1485, 1486, 1487, 1488, 1489, 1490, 1491, 1492, 1493, 1494, 1495, 1496, 1497, 1498, 1499, 1500, 1501, 1502, 1503, 1504, 1505, 1506, 1507, 1508, 1509, 1510, 1511, 1512, 1513, 1514, 1515, 1516, 1517, 1518, 1519, 1520, 1521, 1522, 1523, 1524, 1525, 1526, 1527, 1528, 1529, 1530, 1531, 1532, 1533, 1534, 1535, 1536, 1537, 1538, 1539, 1540, 1541, 1542, 1543, 1544, 1545, 1546, 1547, 1548, 1549, 1550, 1551, 1552, 1553, 1554, 1555, 1556, 1557, 1558, 1559, 1560, 1561, 1562, 1563, 1564, 1565, 1566, 1567, 1568, 1569, 1570, 1571, 1572, 1573, 1574, 1575, 1576, 1577, 1578, 1579, 1580, 1581, 1582, 1583, 1584, 1585, 1586, 1587, 1588, 1589, 1590, 1591, 1592, 1593, 1594, 1595, 1596, 1597, 1598, 1599, 1600, 1601, 1602, 1603, 1604, 1605, 1606, 1607, 1608, 1609, 1610, 1611, 1612, 1613, 1614, 1615, 1616, 1617, 1618, 1619, 1620, 1621, 1622, 1623, 1624, 1625, 1626, 1627, 1628, 1629, 1630, 1631, 1632, 1633, 1634, 1635, 1636, 1637, 1638, 1639, 1640, 1641, 1642, 1643, 1644, 1645, 1646, 1647, 1648, 1649, 1650, 1651, 1652, 1653, 1654, 1655, 1656, 1657, 1658, 1659, 1660, 1661, 1662, 1663, 1664, 1665, 1666, 1667, 1668, 1669, 1670, 1671, 1672, 1673, 1674, 1675, 1676, 1677, 1678, 1679, 1680, 1681, 1682, 1683, 1684, 1685, 1686, 1687, 1688, 1689, 1690, 1691, 1692, 1693, 1694, 1695, 1696, 1697, 1698, 1699, 1700, 1701, 1702, 1703, 1704, 1705, 1706, 1707, 1708, 1709, 1710, 1711, 1712, 1713, 1714, 1715, 1716, 1717, 1718, 1719, 1720, 1721, 1722, 1723, 1724, 1725, 1726, 1727, 1728, 1729, 1730, 1731, 1732, 1733, 1734, 1735, 1736, 1737, 1738, 1739, 1740, 1741, 1742, 1743, 1744, 1745, 1746, 1747, 1748, 1749, 1750, 1751, 1752, 1753, 1754, 1755, 1756, 1757, 1758, 1759, 1760, 1761, 1762, 1763, 1764, 1765, 1766, 1767, 1768, 1769, 1770, 1771, 1772, 1773, 1774, 1775, 1776, 1777, 1778, 1779, 1780, 1781, 1782, 1783, 1784, 1785, 1786, 1787, 1788, 1789, 1790, 1791, 1792, 1793, 1794, 1795, 1796, 1797, 1798, 1799, 1800, 1801, 1802, 1803, 1804, 1805, 1806, 1807, 1808, 1809, 1810, 1811, 1812, 1813, 1814, 1815, 1816, 1817, 1818, 1819, 1820, 1821, 1822, 1823, 1824, 1825, 1826, 1827, 1828, 1829, 1830, 1831, 1832, 1833, 1834, 1835, 1836, 1837, 1838, 1839, 1840, 1841, 1842, 1843, 1844, 1845, 1846, 1847, 1848, 1849, 1850, 1851, 1852, 1853, 1854, 1855, 1856, 1857, 1858, 1859, 1860, 1861, 1862, 1863, 1864, 1865, 1866, 1867, 1868, 1869, 1870, 1871, 1872, 1873, 1874, 1875, 1876, 1877, 1878, 1879, 1880, 1881, 1882, 1883, 1884, 1885, 1886, 1887, 1888, 1889, 1890, 1891, 1892, 1893, 1894, 1895, 1896, 1897, 1898, 1899, 1900, 1901, 1902, 1903, 1904, 1905, 1906, 1907, 1908, 1909, 1910, 1911, 1912, 1913, 1914, 1915, 1916, 1917, 1918, 1919, 1920, 1921, 1922, 1923, 1924, 1925, 1926, 1927, 1928, 1929, 1930, 1931, 1932, 1933, 1934, 1935, 1936, 1937, 1938, 1939, 1940, 1941, 1942, 1943, 1944, 1945, 1946, 1947, 1948, 1949, 1950, 1951, 1952, 1953, 1954, 1955, 1956, 1957, 1958, 1959, 1960, 1961, 1962, 1963, 1964, 1965, 1966, 1967, 1968, 1969, 1970, 1971, 1972, 1973, 1974, 1975, 1976, 1977, 1978, 1979, 1980, 1981, 1982, 1983, 1984, 1985, 1986, 1987, 1988, 1989, 1990, 1991, 1992, 1993, 1994, 1995, 1996, 1997, 1998, 1999, 2000, 2001, 2002, 2003, 2004, 2005, 2006, 2007, 2008, 2009, 2010, 2011, 2012, 2013, 2014, 2015, 2016, 2017, 2018, 2019, 2020, 2021, 2022, 2023, 2024, 2025, 2026, 2027, 2028, 2029, 2030, 2031, 2032, 2033, 2034, 2035, 2036, 2037, 2038, 2039, 2040, 2041, 2042, 2043, 2044, 2045, 2046, 2047, 2048, 2049, 2050, 2051, 2052, 2053, 2054, 2055, 2056, 2057, 2058, 2059, 2060, 2061, 2062, 2063, 2064, 2065, 2066, 2067, 2068, 2069, 2070, 2071, 2072, 2073, 2074, 2075, 2076, 2077, 2078, 2079, 2080, 2081, 2082, 2083, 2084, 2085, 2086, 2087, 2088, 2089, 2090, 2091, 2092, 2093, 2094, 2095, 2096, 2097, 2098, 2099, 2100, 2101, 2102, 2103, 2104, 2105, 2106, 2107, 2108, 2109, 2110, 2111, 2112, 2113, 2114, 2115, 2116, 2117, 2118, 2119, 2120, 2121, 2122, 2123, 2124, 2125, 2126, 2127, 2128, 2129, 2130, 2131, 2132, 2133, 2134, 2135, 2136, 2137, 2138, 2139, 2140, 2141, 2142, 2143, 2144, 2145, 2146, 2147, 2148, 2149, 2150, 2151, 2152, 2153, 2154, 2155, 2156, 2157, 2158, 2159, 2160, 2161, 2162, 2163, 2164, 2165, 2166, 2167, 2168, 2169, 2170, 2171, 2172, 2173, 2174, 2175, 2176, 2177, 2178, 2179, 2180, 2181, 2182, 2183, 2184, 2185, 2186, 2187, 2188, 2189, 2190, 2191, 2192, 2193, 2194, 2195, 2196, 2197, 2198, 2199, 2200, 2201, 2202, 2203, 2204, 2205, 2206, 2207, 2208, 2209, 2210, 2211, 2212, 2213, 2214, 2215, 2216, 2217, 2218, 2219, 2220, 2221, 2222, 2223, 2224, 2225, 2226, 2228, 2229, 2230, 2231, 2232, 2233, 2234, 2235, 2236, 2237, 2238, 2239, 2240, 2241, 2242, 2243, 2244, 2245, 2246, 2247, 2248, 2249, 2250, 2251, 2252, 2253, 2254, 2255, 2256, 2257, 2258, 2259, 2260, 2261, 2262, 2263, 2264, 2265, 2266, 2267, 2268, 2269, 2270, 2271, 2272, 2273, 2274, 2275, 2276, 2277, 2278, 2279, 2280, 2281, 2282, 2283, 2284, 2285, 2286, 2287, 2288, 2289, 2290, 2291, 2292, 2293, 2294, 2295, 2296, 2297, 2298, 2299, 2300, 2301, 2302, 2303, 2304, 2305, 2306, 2307, 2308, 2309, 2310, 2311, 2312, 2313, 2314, 2315, 2316, 2317, 2318, 2319, 2320, 2321, 2322, 2323, 2324, 2325, 2326, 2327, 2328, 2329, 2330, 2331, 2332, 2333, 2334, 2335, 2336, 2337, 2338, 2339, 2340, 2341, 2342, 2343, 2344, 2345, 2346, 2347, 2348, 2349, 2350, 2351, 2352, 2353, 2354, 2355, 2356, 2357, 2358, 2359, 2360, 2361, 2362, 2363, 2364, 2365, 2366, 2367, 2368, 2369, 2370, 2371, 2372, 2373, 2374, 2375, 2376, 2377, 2378, 2379, 2380, 2381, 2382, 2383, 2384, 2385, 2386, 2387, 2388, 2389, 2390, 2391, 2392, 2393, 2394, 2395, 2396, 2397, 2398, 2399, 2400, 2401, 2402, 2403, 2404, 2405, 2406, 2407, 2408, 2409, 2410, 2411, 2412, 2413, 2414, 2415, 2416, 2417, 2418, 2419, 2420, 2421, 2422, 2423, 2424, 2425, 2426, 2427, 2428, 2429, 2430, 2431, 2432, 2433, 2434, 2435, 2436, 2437, 2438, 2439, 2440, 2441, 2442, 2443, 2444, 2445, 2446, 2447, 2448, 2449, 2450, 2451, 2452, 2453, 2454, 2455, 2456, 2457, 2458, 2459, 2460, 2461, 2462, 2463, 2464, 2465, 2466, 2467, 2468, 2469, 2470, 2471, 2472, 2473, 2474, 2475, 2476, 2477, 2478, 2479, 2480, 2481, 2482, 2483, 2484, 2485]
Packed_weights: [845, 758, 421, 259, 512, 405, 784, 304, 477, 584, 909, 505, 282, 756, 619, 251, 910, 983, 811, 903, 311, 730, 899, 684, 473, 101, 435, 611, 914, 967, 478, 866, 261, 806, 549, 15, 720, 399, 825, 669, 2, 494, 868, 244, 326, 871, 192, 568, 239, 968, 804, 448, 81, 321, 508, 933, 110, 552, 707, 548, 815, 541, 964, 604, 588, 445, 597, 385, 576, 291, 190, 187, 613, 657, 477, 90, 758, 877, 924, 843, 899, 924, 541, 392, 706, 276, 812, 850, 896, 590, 950, 580, 451, 661, 997, 917, 794, 83, 613, 487, 631, 846, 244, 732, 118, 221, 795, 333, 816, 101, 147, 698, 46, 574, 911, 535, 681, 27, 635, 607, 576, 392, 371, 981, 37, 22, 962, 185, 124, 211, 801, 937, 23, 426, 102, 260, 221, 647, 351, 181, 504, 40, 101, 989, 200, 359, 732, 839, 919, 170, 673, 967, 59, 677, 846, 343, 251, 597, 443, 175, 472, 410, 570, 509, 312, 358, 838, 251, 561, 13, 742, 336, 46, 281, 241, 954, 353, 288, 360, 947, 634, 622, 716, 389, 415, 651, 2, 193, 335, 240, 638, 379, 876, 569, 415, 403, 702, 419, 663, 47, 446, 260, 158, 528, 488, 562, 756, 884, 495, 313, 467, 810, 876, 813, 189, 1000, 634, 84, 726, 987, 402, 679, 317, 214, 718, 3, 823, 529, 98, 119, 650, 874, 280, 979, 101, 854, 397, 82, 275, 453, 793, 862, 134, 521, 651, 348, 872, 279, 19, 41, 681, 559, 947, 939, 910, 43, 750, 702, 656, 713, 903, 641, 373, 538, 208, 588, 9, 152, 334, 790, 719, 339, 621, 42, 164, 982, 290, 395, 549, 294, 479, 240, 49, 180, 524, 71, 404, 329, 415, 100, 909, 475, 841, 977, 344, 480, 700, 427, 302, 735, 895, 920, 627, 376, 975, 639, 66, 85, 750, 62, 8, 394, 520, 449, 489, 585, 680, 424, 369, 989, 261, 778, 432, 359, 64, 864, 703, 904, 452, 677, 119, 398, 208, 43, 948, 216, 147, 198, 379, 547, 152, 989, 983, 149, 406, 680, 878, 496, 918, 323, 499, 499, 671, 202, 610, 219, 341, 963, 900, 819, 36, 149, 257, 785, 843, 583, 719, 808, 67, 85, 869, 40, 226, 41, 16, 844, 331, 161, 149, 657, 969, 505, 902, 503, 574, 679, 806, 758, 991, 747, 906, 207, 536, 599, 826, 483, 792, 389, 587, 852, 799, 657, 1, 182, 507, 255, 66, 860, 943, 303, 409, 811, 63, 641, 128, 288, 830, 56, 36, 418, 492, 864, 718, 674, 152, 987, 412, 612, 387, 48, 471, 152, 33, 618, 630, 106, 550, 347, 384, 777, 491, 882, 611, 468, 633, 338, 125, 683, 623, 789, 128, 912, 800, 917, 873, 682, 811, 520, 786, 190, 783, 445, 757, 456, 790, 76, 45, 935, 487, 902, 945, 667, 572, 216, 94, 820, 889, 780, 699, 421, 306, 114, 426, 567, 923, 936, 416, 100, 774, 735, 31, 447, 687, 31, 920, 963, 723, 79, 71, 360, 30, 348, 10, 975, 820, 71, 894, 208, 205, 674, 939, 124, 8, 370, 25, 605, 860, 187, 113, 345, 960, 131, 967, 363, 474, 293, 938, 959, 636, 185, 993, 103, 581, 157, 898, 946, 805, 316, 243, 755, 292, 420, 47, 133, 21, 78, 74, 421, 551, 741, 143, 423, 637, 85, 445, 370, 949, 58, 409, 418, 729, 321, 204, 294, 471, 951, 797, 277, 559, 689, 796, 447, 399, 768, 432, 248, 454, 938, 143, 463, 638, 484, 204, 2, 699, 619, 8, 299, 769, 629, 546, 157, 707, 472, 679, 761, 233, 762, 281, 985, 121, 884, 41, 257, 527, 582, 397, 103, 253, 284, 756, 909, 596, 36, 793, 306, 340, 531, 250, 920, 164, 415, 290, 520, 574, 628, 532, 411, 635, 404, 779, 789, 293, 372, 629, 158, 698, 382, 592, 140, 669, 355, 473, 416, 477, 695, 319, 653, 61, 301, 746, 53, 622, 26, 472, 889, 11, 527, 67, 868, 687, 742, 670, 7, 42, 621, 1000, 874, 700, 728, 227, 752, 288, 106, 461, 331, 169, 422, 898, 436, 448, 709, 525, 130, 911, 445, 790, 389, 807, 390, 221, 197, 941, 587, 50, 389, 235, 85, 187, 57, 639, 174, 611, 613, 705, 513, 285, 878, 354, 459, 632, 517, 957, 955, 930, 935, 581, 491, 705, 216, 266, 44, 163, 4, 655, 141, 787, 681, 971, 397, 922, 454, 340, 103, 883, 795, 323, 456, 326, 29, 45, 369, 210, 525, 188, 202, 673, 736, 313, 860, 255, 344, 713, 45, 935, 73, 461, 725, 48, 810, 979, 461, 119, 82, 99, 766, 415, 920, 441, 78, 427, 755, 830, 40, 181, 491, 129, 872, 935, 320, 435, 558, 286, 542, 202, 297, 442, 605, 537, 261, 232, 119, 784, 99, 733, 249, 285, 737, 660, 742, 516, 860, 122, 646, 119, 738, 359, 675, 704, 661, 222, 832, 241, 519, 675, 234, 629, 287, 172, 810, 554, 328, 586, 26, 130, 396, 976, 511, 77, 766, 782, 775, 570, 696, 214, 733, 817, 760, 354, 592, 629, 901, 109, 834, 527, 359, 456, 13, 221, 653, 661, 495, 954, 481, 314, 848, 260, 605, 704, 822, 786, 385, 60, 39, 727, 962, 344, 442, 726, 658, 261, 672, 305, 357, 540, 733, 152, 22, 628, 25, 45, 226, 654, 67, 63, 973, 423, 893, 217, 436, 359, 177, 329, 987, 748, 383, 410, 264, 532, 736, 687, 463, 42, 922, 409, 391, 4, 139, 869, 514, 733, 149, 331, 841, 821, 247, 22, 807, 169, 788, 684, 169, 79, 928, 598, 621, 458, 151, 602, 253, 806, 733, 28, 933, 37, 90, 293, 151, 237, 356, 736, 405, 270, 493, 393, 311, 901, 551, 978, 773, 571, 263, 687, 456, 722, 404, 497, 21, 740, 35, 681, 583, 776, 290, 687, 208, 530, 341, 979, 972, 209, 567, 330, 969, 925, 587, 721, 682, 354, 917, 900, 331, 748, 10, 817, 565, 953, 364, 626, 324, 783, 601, 988, 2, 141, 44, 126, 930, 949, 481, 947, 819, 779, 748, 188, 549, 424, 950, 174, 170, 659, 158, 111, 504, 797, 606, 755, 266, 285, 429, 991, 718, 947, 538, 555, 991, 190, 783, 792, 845, 751, 156, 662, 924, 564, 361, 950, 562, 412, 615, 805, 229, 16, 530, 942, 681, 631, 628, 497, 731, 250, 892, 275, 945, 927, 78, 449, 745, 450, 509, 807, 705, 959, 165, 924, 928, 635, 941, 253, 882, 774, 610, 91, 31, 11, 251, 763, 387, 776, 626, 390, 881, 39, 466, 830, 127, 711, 329, 25, 474, 522, 42, 566, 348, 5, 191, 111, 541, 44, 929, 846, 946, 315, 906, 985, 765, 276, 671, 596, 405, 307, 60, 126, 134, 481, 642, 765, 47, 824, 44, 555, 745, 632, 950, 345, 586, 83, 560, 814, 202, 261, 701, 254, 260, 936, 999, 156, 901, 553, 39, 586, 642, 34, 758, 818, 72, 649, 457, 239, 459, 160, 334, 656, 477, 556, 544, 821, 344, 813, 80, 428, 353, 452, 834, 513, 988, 862, 119, 317, 23, 734, 20, 886, 194, 414, 63, 312, 390, 53, 768, 712, 358, 836, 78, 55, 355, 902, 757, 673, 563, 804, 413, 31, 803, 191, 388, 358, 124, 351, 178, 617, 654, 14, 457, 555, 872, 497, 81, 52, 863, 791, 859, 263, 648, 96, 827, 334, 956, 472, 34, 910, 626, 288, 37, 377, 157, 549, 147, 175, 921, 641, 243, 879, 625, 946, 483, 888, 679, 45, 241, 282, 171, 239, 227, 879, 463, 877, 138, 565, 14, 931, 6, 390, 802, 1000, 20, 825, 511, 39, 778, 112, 612, 779, 674, 380, 27, 437, 914, 333, 248, 138, 511, 534, 74, 408, 659, 967, 432, 437, 472, 226, 395, 646, 398, 582, 836, 998, 886, 372, 22, 612, 475, 238, 41, 322, 799, 965, 107, 878, 49, 714, 27, 422, 871, 394, 925, 714, 605, 162, 341, 412, 591, 997, 284, 504, 934, 346, 629, 767, 631, 754, 196, 958, 177, 584, 297, 635, 292, 432, 683, 270, 728, 347, 133, 614, 166, 431, 399, 77, 711, 681, 778, 545, 554, 170, 208, 229, 526, 819, 357, 882, 736, 717, 336, 119, 963, 855, 409, 864, 900, 343, 502, 332, 696, 913, 985, 744, 306, 881, 993, 347, 949, 512, 965, 996, 813, 684, 155, 5, 596, 705, 936, 518, 697, 648, 205, 645, 982, 112, 689, 615, 376, 794, 11, 893, 818, 481, 109, 453, 585, 254, 487, 776, 923, 562, 828, 78, 857, 921, 169, 828, 850, 879, 518, 609, 209, 709, 406, 22, 135, 389, 886, 565, 917, 930, 87, 589, 335, 507, 456, 480, 102, 834, 491, 645, 473, 182, 542, 160, 853, 832, 144, 69, 69, 394, 954, 557, 266, 230, 111, 142, 812, 139, 865, 823, 137, 559, 8, 863, 559, 756, 491, 691, 932, 560, 875, 344, 98, 6, 227, 839, 312, 225, 496, 947, 509, 341, 78, 574, 227, 368, 382, 759, 232, 936, 743, 482, 881, 360, 385, 130, 779, 402, 501, 471, 657, 374, 916, 432, 360, 401, 767, 994, 867, 480, 292, 446, 345, 244, 187, 956, 500, 110, 384, 389, 514, 981, 977, 566, 619, 676, 503, 487, 315, 684, 92, 318, 891, 228, 968, 985, 576, 41, 94, 201, 327, 114, 798, 365, 234, 44, 383, 5, 117, 605, 935, 200, 742, 198, 2, 897, 847, 67, 178, 235, 929, 382, 808, 436, 382, 766, 616, 270, 583, 704, 828, 678, 641, 596, 93, 946, 715, 273, 693, 621, 659, 379, 574, 661, 202, 509, 121, 106, 912, 125, 894, 470, 455, 340, 417, 378, 565, 336, 822, 234, 249, 481, 936, 24, 724, 7, 405, 765, 447, 430, 254, 476, 229, 284, 654, 600, 930, 969, 523, 88, 300, 518, 674, 947, 156, 37, 871, 806, 766, 469, 678, 412, 193, 391, 788, 802, 962, 888, 683, 521, 724, 184, 924, 713, 595, 435, 634, 618, 899, 571, 214, 442, 243, 905, 844, 556, 197, 44, 135, 444, 675, 224, 685, 862, 758, 426, 646, 989, 886, 339, 686, 164, 558, 357, 439, 439, 664, 846, 469, 147, 755, 752, 954, 395, 464, 541, 893, 705, 22, 208, 854, 586, 874, 412, 211, 5, 997, 137, 643, 490, 381, 538, 79, 971, 493, 16, 420, 758, 313, 746, 768, 240, 968, 28, 864, 513, 154, 259, 594, 279, 839, 220, 385, 507, 340, 825, 264, 89, 155, 627, 564, 64, 994, 480, 320, 730, 25, 435, 665, 963, 762, 886, 119, 430, 32, 272, 385, 344, 374, 804, 190, 825, 542, 339, 553, 162, 496, 22, 863, 332, 345, 996, 614, 418, 791, 68, 571, 521, 862, 587, 486, 521, 782, 348, 558, 708, 996, 694, 962, 400, 609, 746, 349, 270, 973, 349, 1000, 853, 217, 829, 984, 277, 665, 770, 84, 820, 309, 707, 951, 36, 612, 293, 115, 712, 980, 513, 347, 450, 415, 532, 410, 81, 980, 997, 175, 242, 437, 699, 32, 836, 639, 270, 871, 662, 317, 548, 980, 49, 709, 850, 693, 141, 598, 786, 419, 583, 254, 313, 809, 490, 449, 123, 375, 521, 232, 808, 384, 239, 309, 825, 905, 961, 16, 754, 526, 125, 247, 282, 405, 471, 937, 59, 710, 855, 358, 250, 222, 301, 146, 552, 251, 28, 233, 821, 418, 884, 944, 244, 560, 882, 582, 169, 248, 988, 300, 868, 796, 742, 722, 790, 848, 63, 168, 506, 213, 534, 494, 127, 86, 12, 826, 82, 962, 984, 746, 451, 276, 413, 346, 397, 727, 893, 158, 243, 210, 46, 855, 512, 68, 447, 451, 778, 762, 135, 627, 510, 14, 148, 667, 368, 964, 502, 689, 134, 480, 735, 834, 200, 397, 474, 441, 476, 296, 809, 914, 350, 638, 381, 579, 696, 502, 675, 758, 844, 189, 217, 515, 510, 808, 518, 901, 778, 507, 827, 476, 342, 434, 457, 651, 53, 730, 969, 459, 69, 202, 104, 257, 794, 2, 874, 940, 186, 174, 966, 361, 812, 10, 991, 17, 608, 929, 832, 311, 823, 394, 500, 364, 355, 583, 783, 700, 769, 15, 532, 353, 209, 921, 197, 185, 179, 659, 612, 506, 587, 941, 862, 906, 55, 898, 32, 648, 931, 503, 420, 332, 917, 926, 620, 715, 340, 139, 980, 658, 275, 978, 609, 331, 896, 78, 805, 160, 108, 259, 715, 609, 422, 160, 924, 767, 687, 813, 775, 113, 774, 839, 747, 483, 687, 101, 765, 263, 786, 636, 510, 537, 75, 41, 15, 776, 139, 123, 386, 978, 886, 314, 820, 86, 393, 580, 987, 49, 413, 920, 28, 600, 400, 561, 704, 407, 893, 956, 986, 55, 837, 879, 146, 942, 128, 208, 956, 831, 577, 288, 253, 404, 9, 637, 52, 774, 71, 11, 285, 773, 833, 508, 939, 115, 333, 741, 324, 146, 579, 63, 374, 254, 332, 486, 536, 85, 316, 384, 404, 481, 426, 75, 220, 645, 829, 512, 149, 71, 156, 385, 566, 665, 525, 566, 353, 666, 727, 403, 815, 744, 905, 467, 346, 778, 38, 384, 978, 343, 513, 250, 77, 111, 436, 620, 546, 519, 112, 41, 359, 943, 180, 270, 484, 915, 947, 2, 648, 237, 655, 743, 888, 684, 848, 785, 161, 44, 739, 526, 998, 165, 386, 288, 879, 484, 914, 708, 999, 600, 977, 174, 442, 579, 979, 568, 866, 629, 513, 392, 369, 296, 212, 963, 537, 866, 885, 943, 239, 338, 634, 323, 144, 760, 551, 537, 711, 115, 922, 480, 692, 606, 710, 89, 497, 211, 390, 512, 354, 407, 731, 44, 957, 604, 164, 558, 81, 502, 689, 420, 315, 674, 936, 874, 386, 864, 116, 59, 984, 763, 615, 559, 309, 900, 853, 482, 221, 677, 727, 996, 791, 92, 990, 855, 583, 331, 733, 597, 96, 564, 21, 789, 824, 731, 92, 589, 392, 129, 893, 943, 923, 532, 865, 198, 296, 909, 591, 227, 131, 229, 497, 304, 735, 272, 79, 899, 664, 975, 182, 871, 18, 538, 480, 127, 816, 271, 899, 700, 853, 867, 792, 737, 5, 144, 208, 578, 4, 128, 485, 42, 319, 220, 175, 317, 882, 232, 650, 734, 676, 189, 350, 273, 539, 970, 218, 553, 66, 376, 955, 909, 96, 853, 716, 918, 461, 423, 897, 537, 762, 178, 69, 441, 328, 512, 345, 863, 736, 384, 126, 710, 542, 152, 35, 617, 517, 576, 416, 469, 392, 88, 536, 122, 674, 750, 168, 202, 241, 599, 407, 888, 548, 526, 219, 91, 925, 100, 131, 196, 577, 640, 432, 395, 642, 263, 801, 641, 603, 29, 346, 769, 206, 645, 975, 441, 518, 213, 8, 237, 472, 605, 836, 291, 330, 721, 665, 715, 878, 89, 125, 497, 613, 655, 231, 137, 922, 241, 18, 283, 518, 634, 740, 146, 508, 321, 725, 360, 812, 192, 995, 522, 424, 726, 379, 36, 441, 288, 662, 527, 831, 490, 156, 149, 573, 265, 212, 942, 140, 917, 537, 937, 840, 299, 471, 86, 367, 927, 101, 246, 43, 861, 684, 590, 466, 261, 586, 703, 793, 163, 626]
Run time:0.047368764877319336
--------------------------------------------
----------Test case: n10000------------
Total value = 2480964
Total weight: 2480964
Packed items: [0, 1, 2, 3, 4, 5, 6, 7, 8, 9, 10, 11, 12, 13, 14, 15, 16, 17, 18, 19, 20, 21, 22, 23, 24, 25, 26, 27, 28, 29, 30, 31, 32, 33, 34, 35, 36, 37, 38, 39, 40, 41, 42, 43, 44, 45, 46, 47, 48, 49, 50, 51, 52, 53, 54, 55, 56, 57, 58, 59, 60, 61, 62, 63, 64, 65, 66, 67, 68, 69, 70, 71, 72, 73, 74, 75, 76, 77, 78, 79, 80, 81, 82, 83, 84, 85, 86, 87, 88, 89, 90, 91, 92, 93, 94, 95, 96, 97, 98, 99, 100, 101, 102, 103, 104, 105, 106, 107, 108, 109, 110, 111, 112, 113, 114, 115, 116, 117, 118, 119, 120, 121, 122, 123, 124, 125, 126, 127, 128, 129, 130, 131, 132, 133, 134, 135, 136, 137, 138, 139, 140, 141, 142, 143, 144, 145, 146, 147, 148, 149, 150, 151, 152, 153, 154, 155, 156, 157, 158, 159, 160, 161, 162, 163, 164, 165, 166, 167, 168, 169, 170, 171, 172, 173, 174, 175, 176, 177, 178, 179, 180, 181, 182, 183, 184, 185, 186, 187, 188, 189, 190, 191, 192, 193, 194, 195, 196, 197, 198, 199, 200, 201, 202, 203, 204, 205, 206, 207, 208, 209, 210, 211, 212, 213, 214, 215, 216, 217, 218, 219, 220, 221, 222, 223, 224, 225, 226, 227, 228, 229, 230, 231, 232, 233, 234, 235, 236, 237, 238, 239, 240, 241, 242, 243, 244, 245, 246, 247, 248, 249, 250, 251, 252, 253, 254, 255, 256, 257, 258, 259, 260, 261, 262, 263, 264, 265, 266, 267, 268, 269, 270, 271, 272, 273, 274, 275, 276, 277, 278, 279, 280, 281, 282, 283, 284, 285, 286, 287, 288, 289, 290, 291, 292, 293, 294, 295, 296, 297, 298, 299, 300, 301, 302, 303, 304, 305, 306, 307, 308, 309, 310, 311, 312, 313, 314, 315, 316, 317, 318, 319, 320, 321, 322, 323, 324, 325, 326, 327, 328, 329, 330, 331, 332, 333, 334, 335, 336, 337, 338, 339, 340, 341, 342, 343, 344, 345, 346, 347, 348, 349, 350, 351, 352, 353, 354, 355, 356, 357, 358, 359, 360, 361, 362, 363, 364, 365, 366, 367, 368, 369, 370, 371, 372, 373, 374, 375, 376, 377, 378, 379, 380, 381, 382, 383, 384, 385, 386, 387, 388, 389, 390, 391, 392, 393, 394, 395, 396, 397, 398, 399, 400, 401, 402, 403, 404, 405, 406, 407, 408, 409, 410, 411, 412, 413, 414, 415, 416, 417, 418, 419, 420, 421, 422, 423, 424, 425, 426, 427, 428, 429, 430, 431, 432, 433, 434, 435, 436, 437, 438, 439, 440, 441, 442, 443, 444, 445, 446, 447, 448, 449, 450, 451, 452, 453, 454, 455, 456, 457, 458, 459, 460, 461, 462, 463, 464, 465, 466, 467, 468, 469, 470, 471, 472, 473, 474, 475, 476, 477, 478, 479, 480, 481, 482, 483, 484, 485, 486, 487, 488, 489, 490, 491, 492, 493, 494, 495, 496, 497, 498, 499, 500, 501, 502, 503, 504, 505, 506, 507, 508, 509, 510, 511, 512, 513, 514, 515, 516, 517, 518, 519, 520, 521, 522, 523, 524, 525, 526, 527, 528, 529, 530, 531, 532, 533, 534, 535, 536, 537, 538, 539, 540, 541, 542, 543, 544, 545, 546, 547, 548, 549, 550, 551, 552, 553, 554, 555, 556, 557, 558, 559, 560, 561, 562, 563, 564, 565, 566, 567, 568, 569, 570, 571, 572, 573, 574, 575, 576, 577, 578, 579, 580, 581, 582, 583, 584, 585, 586, 587, 588, 589, 590, 591, 592, 593, 594, 595, 596, 597, 598, 599, 600, 601, 602, 603, 604, 605, 606, 607, 608, 609, 610, 611, 612, 613, 614, 615, 616, 617, 618, 619, 620, 621, 622, 623, 624, 625, 626, 627, 628, 629, 630, 631, 632, 633, 634, 635, 636, 637, 638, 639, 640, 641, 642, 643, 644, 645, 646, 647, 648, 649, 650, 651, 652, 653, 654, 655, 656, 657, 658, 659, 660, 661, 662, 663, 664, 665, 666, 667, 668, 669, 670, 671, 672, 673, 674, 675, 676, 677, 678, 679, 680, 681, 682, 683, 684, 685, 686, 687, 688, 689, 690, 691, 692, 693, 694, 695, 696, 697, 698, 699, 700, 701, 702, 703, 704, 705, 706, 707, 708, 709, 710, 711, 712, 713, 714, 715, 716, 717, 718, 719, 720, 721, 722, 723, 724, 725, 726, 727, 728, 729, 730, 731, 732, 733, 734, 735, 736, 737, 738, 739, 740, 741, 742, 743, 744, 745, 746, 747, 748, 749, 750, 751, 752, 753, 754, 755, 756, 757, 758, 759, 760, 761, 762, 763, 764, 765, 766, 767, 768, 769, 770, 771, 772, 773, 774, 775, 776, 777, 778, 779, 780, 781, 782, 783, 784, 785, 786, 787, 788, 789, 790, 791, 792, 793, 794, 795, 796, 797, 798, 799, 800, 801, 802, 803, 804, 805, 806, 807, 808, 809, 810, 811, 812, 813, 814, 815, 816, 817, 818, 819, 820, 821, 822, 823, 824, 825, 826, 827, 828, 829, 830, 831, 832, 833, 834, 835, 836, 837, 838, 839, 840, 841, 842, 843, 844, 845, 846, 847, 848, 849, 850, 851, 852, 853, 854, 855, 856, 857, 858, 859, 860, 861, 862, 863, 864, 865, 866, 867, 868, 869, 870, 871, 872, 873, 874, 875, 876, 877, 878, 879, 880, 881, 882, 883, 884, 885, 886, 887, 888, 889, 890, 891, 892, 893, 894, 895, 896, 897, 898, 899, 900, 901, 902, 903, 904, 905, 906, 907, 908, 909, 910, 911, 912, 913, 914, 915, 916, 917, 918, 919, 920, 921, 922, 923, 924, 925, 926, 927, 928, 929, 930, 931, 932, 933, 934, 935, 936, 937, 938, 939, 940, 941, 942, 943, 944, 945, 946, 947, 948, 949, 950, 951, 952, 953, 954, 955, 956, 957, 958, 959, 960, 961, 962, 963, 964, 965, 966, 967, 968, 969, 970, 971, 972, 973, 974, 975, 976, 977, 978, 979, 980, 981, 982, 983, 984, 985, 986, 987, 988, 989, 990, 991, 992, 993, 994, 995, 996, 997, 998, 999, 1000, 1001, 1002, 1003, 1004, 1005, 1006, 1007, 1008, 1009, 1010, 1011, 1012, 1013, 1014, 1015, 1016, 1017, 1018, 1019, 1020, 1021, 1022, 1023, 1024, 1025, 1026, 1027, 1028, 1029, 1030, 1031, 1032, 1033, 1034, 1035, 1036, 1037, 1038, 1039, 1040, 1041, 1042, 1043, 1044, 1045, 1046, 1047, 1048, 1049, 1050, 1051, 1052, 1053, 1054, 1055, 1056, 1057, 1058, 1059, 1060, 1061, 1062, 1063, 1064, 1065, 1066, 1067, 1068, 1069, 1070, 1071, 1072, 1073, 1074, 1075, 1076, 1077, 1078, 1079, 1080, 1081, 1082, 1083, 1084, 1085, 1086, 1087, 1088, 1089, 1090, 1091, 1092, 1093, 1094, 1095, 1096, 1097, 1098, 1099, 1100, 1101, 1102, 1103, 1104, 1105, 1106, 1107, 1108, 1109, 1110, 1111, 1112, 1113, 1114, 1115, 1116, 1117, 1118, 1119, 1120, 1121, 1122, 1123, 1124, 1125, 1126, 1127, 1128, 1129, 1130, 1131, 1132, 1133, 1134, 1135, 1136, 1137, 1138, 1139, 1140, 1141, 1142, 1143, 1144, 1145, 1146, 1147, 1148, 1149, 1150, 1151, 1152, 1153, 1154, 1155, 1156, 1157, 1158, 1159, 1160, 1161, 1162, 1163, 1164, 1165, 1166, 1167, 1168, 1169, 1170, 1171, 1172, 1173, 1174, 1175, 1176, 1177, 1178, 1179, 1180, 1181, 1182, 1183, 1184, 1185, 1186, 1187, 1188, 1189, 1190, 1191, 1192, 1193, 1194, 1195, 1196, 1197, 1198, 1199, 1200, 1201, 1202, 1203, 1204, 1205, 1206, 1207, 1208, 1209, 1210, 1211, 1212, 1213, 1214, 1215, 1216, 1217, 1218, 1219, 1220, 1221, 1222, 1223, 1224, 1225, 1226, 1227, 1228, 1229, 1230, 1231, 1232, 1233, 1234, 1235, 1236, 1237, 1238, 1239, 1240, 1241, 1242, 1243, 1244, 1245, 1246, 1247, 1248, 1249, 1250, 1251, 1252, 1253, 1254, 1255, 1256, 1257, 1258, 1259, 1260, 1261, 1262, 1263, 1264, 1265, 1266, 1267, 1268, 1269, 1270, 1271, 1272, 1273, 1274, 1275, 1276, 1277, 1278, 1279, 1280, 1281, 1282, 1283, 1284, 1285, 1286, 1287, 1288, 1289, 1290, 1291, 1292, 1293, 1294, 1295, 1296, 1297, 1298, 1299, 1300, 1301, 1302, 1303, 1304, 1305, 1306, 1307, 1308, 1309, 1310, 1311, 1312, 1313, 1314, 1315, 1316, 1317, 1318, 1319, 1320, 1321, 1322, 1323, 1324, 1325, 1326, 1327, 1328, 1329, 1330, 1331, 1332, 1333, 1334, 1335, 1336, 1337, 1338, 1339, 1340, 1341, 1342, 1343, 1344, 1345, 1346, 1347, 1348, 1349, 1350, 1351, 1352, 1353, 1354, 1355, 1356, 1357, 1358, 1359, 1360, 1361, 1362, 1363, 1364, 1365, 1366, 1367, 1368, 1369, 1370, 1371, 1372, 1373, 1374, 1375, 1376, 1377, 1378, 1379, 1380, 1381, 1382, 1383, 1384, 1385, 1386, 1387, 1388, 1389, 1390, 1391, 1392, 1393, 1394, 1395, 1396, 1397, 1398, 1399, 1400, 1401, 1402, 1403, 1404, 1405, 1406, 1407, 1408, 1409, 1410, 1411, 1412, 1413, 1414, 1415, 1416, 1417, 1418, 1419, 1420, 1421, 1422, 1423, 1424, 1425, 1426, 1427, 1428, 1429, 1430, 1431, 1432, 1433, 1434, 1435, 1436, 1437, 1438, 1439, 1440, 1441, 1442, 1443, 1444, 1445, 1446, 1447, 1448, 1449, 1450, 1451, 1452, 1453, 1454, 1455, 1456, 1457, 1458, 1459, 1460, 1461, 1462, 1463, 1464, 1465, 1466, 1467, 1468, 1469, 1470, 1471, 1472, 1473, 1474, 1475, 1476, 1477, 1478, 1479, 1480, 1481, 1482, 1483, 1484, 1485, 1486, 1487, 1488, 1489, 1490, 1491, 1492, 1493, 1494, 1495, 1496, 1497, 1498, 1499, 1500, 1501, 1502, 1503, 1504, 1505, 1506, 1507, 1508, 1509, 1510, 1511, 1512, 1513, 1514, 1515, 1516, 1517, 1518, 1519, 1520, 1521, 1522, 1523, 1524, 1525, 1526, 1527, 1528, 1529, 1530, 1531, 1532, 1533, 1534, 1535, 1536, 1537, 1538, 1539, 1540, 1541, 1542, 1543, 1544, 1545, 1546, 1547, 1548, 1549, 1550, 1551, 1552, 1553, 1554, 1555, 1556, 1557, 1558, 1559, 1560, 1561, 1562, 1563, 1564, 1565, 1566, 1567, 1568, 1569, 1570, 1571, 1572, 1573, 1574, 1575, 1576, 1577, 1578, 1579, 1580, 1581, 1582, 1583, 1584, 1585, 1586, 1587, 1588, 1589, 1590, 1591, 1592, 1593, 1594, 1595, 1596, 1597, 1598, 1599, 1600, 1601, 1602, 1603, 1604, 1605, 1606, 1607, 1608, 1609, 1610, 1611, 1612, 1613, 1614, 1615, 1616, 1617, 1618, 1619, 1620, 1621, 1622, 1623, 1624, 1625, 1626, 1627, 1628, 1629, 1630, 1631, 1632, 1633, 1634, 1635, 1636, 1637, 1638, 1639, 1640, 1641, 1642, 1643, 1644, 1645, 1646, 1647, 1648, 1649, 1650, 1651, 1652, 1653, 1654, 1655, 1656, 1657, 1658, 1659, 1660, 1661, 1662, 1663, 1664, 1665, 1666, 1667, 1668, 1669, 1670, 1671, 1672, 1673, 1674, 1675, 1676, 1677, 1678, 1679, 1680, 1681, 1682, 1683, 1684, 1685, 1686, 1687, 1688, 1689, 1690, 1691, 1692, 1693, 1694, 1695, 1696, 1697, 1698, 1699, 1700, 1701, 1702, 1703, 1704, 1705, 1706, 1707, 1708, 1709, 1710, 1711, 1712, 1713, 1714, 1715, 1716, 1717, 1718, 1719, 1720, 1721, 1722, 1723, 1724, 1725, 1726, 1727, 1728, 1729, 1730, 1731, 1732, 1733, 1734, 1735, 1736, 1737, 1738, 1739, 1740, 1741, 1742, 1743, 1744, 1745, 1746, 1747, 1748, 1749, 1750, 1751, 1752, 1753, 1754, 1755, 1756, 1757, 1758, 1759, 1760, 1761, 1762, 1763, 1764, 1765, 1766, 1767, 1768, 1769, 1770, 1771, 1772, 1773, 1774, 1775, 1776, 1777, 1778, 1779, 1780, 1781, 1782, 1783, 1784, 1785, 1786, 1787, 1788, 1789, 1790, 1791, 1792, 1793, 1794, 1795, 1796, 1797, 1798, 1799, 1800, 1801, 1802, 1803, 1804, 1805, 1806, 1807, 1808, 1809, 1810, 1811, 1812, 1813, 1814, 1815, 1816, 1817, 1818, 1819, 1820, 1821, 1822, 1823, 1824, 1825, 1826, 1827, 1828, 1829, 1830, 1831, 1832, 1833, 1834, 1835, 1836, 1837, 1838, 1839, 1840, 1841, 1842, 1843, 1844, 1845, 1846, 1847, 1848, 1849, 1850, 1851, 1852, 1853, 1854, 1855, 1856, 1857, 1858, 1859, 1860, 1861, 1862, 1863, 1864, 1865, 1866, 1867, 1868, 1869, 1870, 1871, 1872, 1873, 1874, 1875, 1876, 1877, 1878, 1879, 1880, 1881, 1882, 1883, 1884, 1885, 1886, 1887, 1888, 1889, 1890, 1891, 1892, 1893, 1894, 1895, 1896, 1897, 1898, 1899, 1900, 1901, 1902, 1903, 1904, 1905, 1906, 1907, 1908, 1909, 1910, 1911, 1912, 1913, 1914, 1915, 1916, 1917, 1918, 1919, 1920, 1921, 1922, 1923, 1924, 1925, 1926, 1927, 1928, 1929, 1930, 1931, 1932, 1933, 1934, 1935, 1936, 1937, 1938, 1939, 1940, 1941, 1942, 1943, 1944, 1945, 1946, 1947, 1948, 1949, 1950, 1951, 1952, 1953, 1954, 1955, 1956, 1957, 1958, 1959, 1960, 1961, 1962, 1963, 1964, 1965, 1966, 1967, 1968, 1969, 1970, 1971, 1972, 1973, 1974, 1975, 1976, 1977, 1978, 1979, 1980, 1981, 1982, 1983, 1984, 1985, 1986, 1987, 1988, 1989, 1990, 1991, 1992, 1993, 1994, 1995, 1996, 1997, 1998, 1999, 2000, 2001, 2002, 2003, 2004, 2005, 2006, 2007, 2008, 2009, 2010, 2011, 2012, 2013, 2014, 2015, 2016, 2017, 2018, 2019, 2020, 2021, 2022, 2023, 2024, 2025, 2026, 2027, 2028, 2029, 2030, 2031, 2032, 2033, 2034, 2035, 2036, 2037, 2038, 2039, 2040, 2041, 2042, 2043, 2044, 2045, 2046, 2047, 2048, 2049, 2050, 2051, 2052, 2053, 2054, 2055, 2056, 2057, 2058, 2059, 2060, 2061, 2062, 2063, 2064, 2065, 2066, 2067, 2068, 2069, 2070, 2071, 2072, 2073, 2074, 2075, 2076, 2077, 2078, 2079, 2080, 2081, 2082, 2083, 2084, 2085, 2086, 2087, 2088, 2089, 2090, 2091, 2092, 2093, 2094, 2095, 2096, 2097, 2098, 2099, 2100, 2101, 2102, 2103, 2104, 2105, 2106, 2107, 2108, 2109, 2110, 2111, 2112, 2113, 2114, 2115, 2116, 2117, 2118, 2119, 2120, 2121, 2122, 2123, 2124, 2125, 2126, 2127, 2128, 2129, 2130, 2131, 2132, 2133, 2134, 2135, 2136, 2137, 2138, 2139, 2140, 2141, 2142, 2143, 2144, 2145, 2146, 2147, 2148, 2149, 2150, 2151, 2152, 2153, 2154, 2155, 2156, 2157, 2158, 2159, 2160, 2161, 2162, 2163, 2164, 2165, 2166, 2167, 2168, 2169, 2170, 2171, 2172, 2173, 2174, 2175, 2176, 2177, 2178, 2179, 2180, 2181, 2182, 2183, 2184, 2185, 2186, 2187, 2188, 2189, 2190, 2191, 2192, 2193, 2194, 2195, 2196, 2197, 2198, 2199, 2200, 2201, 2202, 2203, 2204, 2205, 2206, 2207, 2208, 2209, 2210, 2211, 2212, 2213, 2214, 2215, 2216, 2217, 2218, 2219, 2220, 2221, 2222, 2223, 2224, 2225, 2226, 2227, 2228, 2229, 2230, 2231, 2232, 2233, 2234, 2235, 2236, 2237, 2238, 2239, 2240, 2241, 2242, 2243, 2244, 2245, 2246, 2247, 2248, 2249, 2250, 2251, 2252, 2253, 2254, 2255, 2256, 2257, 2258, 2259, 2260, 2261, 2262, 2263, 2264, 2265, 2266, 2267, 2268, 2269, 2270, 2271, 2272, 2273, 2274, 2275, 2276, 2277, 2278, 2279, 2280, 2281, 2282, 2283, 2284, 2285, 2286, 2287, 2288, 2289, 2290, 2291, 2292, 2293, 2294, 2295, 2296, 2297, 2298, 2299, 2300, 2301, 2302, 2303, 2304, 2305, 2306, 2307, 2308, 2309, 2310, 2311, 2312, 2313, 2314, 2315, 2316, 2317, 2318, 2319, 2320, 2321, 2322, 2323, 2324, 2325, 2326, 2327, 2328, 2329, 2330, 2331, 2332, 2333, 2334, 2335, 2336, 2337, 2338, 2339, 2340, 2341, 2342, 2343, 2344, 2345, 2346, 2347, 2348, 2349, 2350, 2351, 2352, 2353, 2354, 2355, 2356, 2357, 2358, 2359, 2360, 2361, 2362, 2363, 2364, 2365, 2366, 2367, 2368, 2369, 2370, 2371, 2372, 2373, 2374, 2375, 2376, 2377, 2378, 2379, 2380, 2381, 2382, 2383, 2384, 2385, 2386, 2387, 2388, 2389, 2390, 2391, 2392, 2393, 2394, 2395, 2396, 2397, 2398, 2399, 2400, 2401, 2402, 2403, 2404, 2405, 2406, 2407, 2408, 2409, 2410, 2411, 2412, 2413, 2414, 2415, 2416, 2417, 2418, 2419, 2420, 2421, 2422, 2423, 2424, 2425, 2426, 2427, 2428, 2429, 2430, 2431, 2432, 2433, 2434, 2435, 2436, 2437, 2438, 2439, 2440, 2441, 2442, 2443, 2444, 2445, 2446, 2447, 2448, 2449, 2450, 2451, 2452, 2453, 2454, 2455, 2456, 2457, 2458, 2459, 2460, 2461, 2462, 2463, 2464, 2465, 2466, 2467, 2468, 2469, 2470, 2471, 2472, 2473, 2474, 2475, 2476, 2477, 2478, 2479, 2480, 2481, 2482, 2483, 2484, 2485, 2486, 2487, 2488, 2489, 2490, 2491, 2492, 2493, 2494, 2495, 2496, 2497, 2498, 2499, 2500, 2501, 2502, 2503, 2504, 2505, 2506, 2507, 2508, 2509, 2510, 2511, 2512, 2513, 2514, 2515, 2516, 2517, 2518, 2519, 2520, 2521, 2522, 2523, 2524, 2525, 2526, 2527, 2528, 2529, 2530, 2531, 2532, 2533, 2534, 2535, 2536, 2537, 2538, 2539, 2540, 2541, 2542, 2543, 2544, 2545, 2546, 2547, 2548, 2549, 2550, 2551, 2552, 2553, 2554, 2555, 2556, 2557, 2558, 2559, 2560, 2561, 2562, 2563, 2564, 2565, 2566, 2567, 2568, 2569, 2570, 2571, 2572, 2573, 2574, 2575, 2576, 2577, 2578, 2579, 2580, 2581, 2582, 2583, 2584, 2585, 2586, 2587, 2588, 2589, 2590, 2591, 2592, 2593, 2594, 2595, 2596, 2597, 2598, 2599, 2600, 2601, 2602, 2603, 2604, 2605, 2606, 2607, 2608, 2609, 2610, 2611, 2612, 2613, 2614, 2615, 2616, 2617, 2618, 2619, 2620, 2621, 2622, 2623, 2624, 2625, 2626, 2627, 2628, 2629, 2630, 2631, 2632, 2633, 2634, 2635, 2636, 2637, 2638, 2639, 2640, 2641, 2642, 2643, 2644, 2645, 2646, 2647, 2648, 2649, 2650, 2651, 2652, 2653, 2654, 2655, 2656, 2657, 2658, 2659, 2660, 2661, 2662, 2663, 2664, 2665, 2666, 2667, 2668, 2669, 2670, 2671, 2672, 2673, 2674, 2675, 2676, 2677, 2678, 2679, 2680, 2681, 2682, 2683, 2684, 2685, 2686, 2687, 2688, 2689, 2690, 2691, 2692, 2693, 2694, 2695, 2696, 2697, 2698, 2699, 2700, 2701, 2702, 2703, 2704, 2705, 2706, 2707, 2708, 2709, 2710, 2711, 2712, 2713, 2714, 2715, 2716, 2717, 2718, 2719, 2720, 2721, 2722, 2723, 2724, 2725, 2726, 2727, 2728, 2729, 2730, 2731, 2732, 2733, 2734, 2735, 2736, 2737, 2738, 2739, 2740, 2741, 2742, 2743, 2744, 2745, 2746, 2747, 2748, 2749, 2750, 2751, 2752, 2753, 2754, 2755, 2756, 2757, 2758, 2759, 2760, 2761, 2762, 2763, 2764, 2765, 2766, 2767, 2768, 2769, 2770, 2771, 2772, 2773, 2774, 2775, 2776, 2777, 2778, 2779, 2780, 2781, 2782, 2783, 2784, 2785, 2786, 2787, 2788, 2789, 2790, 2791, 2792, 2793, 2794, 2795, 2796, 2797, 2798, 2799, 2800, 2801, 2802, 2803, 2804, 2805, 2806, 2807, 2808, 2809, 2810, 2811, 2812, 2813, 2814, 2815, 2816, 2817, 2818, 2819, 2820, 2821, 2822, 2823, 2824, 2825, 2826, 2827, 2828, 2829, 2830, 2831, 2832, 2833, 2834, 2835, 2836, 2837, 2838, 2839, 2840, 2841, 2842, 2843, 2844, 2845, 2846, 2847, 2848, 2849, 2850, 2851, 2852, 2853, 2854, 2855, 2856, 2857, 2858, 2859, 2860, 2861, 2862, 2863, 2864, 2865, 2866, 2867, 2868, 2869, 2870, 2871, 2872, 2873, 2874, 2875, 2876, 2877, 2878, 2879, 2880, 2881, 2882, 2883, 2884, 2885, 2886, 2887, 2888, 2889, 2890, 2891, 2892, 2893, 2894, 2895, 2896, 2897, 2898, 2899, 2900, 2901, 2902, 2903, 2904, 2905, 2906, 2907, 2908, 2909, 2910, 2911, 2912, 2913, 2914, 2915, 2916, 2917, 2918, 2919, 2920, 2921, 2922, 2923, 2924, 2925, 2926, 2927, 2928, 2929, 2930, 2931, 2932, 2933, 2934, 2935, 2936, 2937, 2938, 2939, 2940, 2941, 2942, 2943, 2944, 2945, 2946, 2947, 2948, 2949, 2950, 2951, 2952, 2953, 2954, 2955, 2956, 2957, 2958, 2959, 2960, 2961, 2962, 2963, 2964, 2965, 2966, 2967, 2968, 2969, 2970, 2971, 2972, 2973, 2974, 2975, 2976, 2977, 2978, 2979, 2980, 2981, 2982, 2983, 2984, 2985, 2986, 2987, 2988, 2989, 2990, 2991, 2992, 2993, 2994, 2995, 2996, 2997, 2998, 2999, 3000, 3001, 3002, 3003, 3004, 3005, 3006, 3007, 3008, 3009, 3010, 3011, 3012, 3013, 3014, 3015, 3016, 3017, 3018, 3019, 3020, 3021, 3022, 3023, 3024, 3025, 3026, 3027, 3028, 3029, 3030, 3031, 3032, 3033, 3034, 3035, 3036, 3037, 3038, 3039, 3040, 3041, 3042, 3043, 3044, 3045, 3046, 3047, 3048, 3049, 3050, 3051, 3052, 3053, 3054, 3055, 3056, 3057, 3058, 3059, 3060, 3061, 3062, 3063, 3064, 3065, 3066, 3067, 3068, 3069, 3070, 3071, 3072, 3073, 3074, 3075, 3076, 3077, 3078, 3079, 3080, 3081, 3082, 3083, 3084, 3085, 3086, 3087, 3088, 3089, 3090, 3091, 3092, 3093, 3094, 3095, 3096, 3097, 3098, 3099, 3100, 3101, 3102, 3103, 3104, 3105, 3106, 3107, 3108, 3109, 3110, 3111, 3112, 3113, 3114, 3115, 3116, 3117, 3118, 3119, 3120, 3121, 3122, 3123, 3124, 3125, 3126, 3127, 3128, 3129, 3130, 3131, 3132, 3133, 3134, 3135, 3136, 3137, 3138, 3139, 3140, 3141, 3142, 3143, 3144, 3145, 3146, 3147, 3148, 3149, 3150, 3151, 3152, 3153, 3154, 3155, 3156, 3157, 3158, 3159, 3160, 3161, 3162, 3163, 3164, 3165, 3166, 3167, 3168, 3169, 3170, 3171, 3172, 3173, 3174, 3175, 3176, 3177, 3178, 3179, 3180, 3181, 3182, 3183, 3184, 3185, 3186, 3187, 3188, 3189, 3190, 3191, 3192, 3193, 3194, 3195, 3196, 3197, 3198, 3199, 3200, 3201, 3202, 3203, 3204, 3205, 3206, 3207, 3208, 3209, 3210, 3211, 3212, 3213, 3214, 3215, 3216, 3217, 3218, 3219, 3220, 3221, 3222, 3223, 3224, 3225, 3226, 3227, 3228, 3229, 3230, 3231, 3232, 3233, 3234, 3235, 3236, 3237, 3238, 3239, 3240, 3241, 3242, 3243, 3244, 3245, 3246, 3247, 3248, 3249, 3250, 3251, 3252, 3253, 3254, 3255, 3256, 3257, 3258, 3259, 3260, 3261, 3262, 3263, 3264, 3265, 3266, 3267, 3268, 3269, 3270, 3271, 3272, 3273, 3274, 3275, 3276, 3277, 3278, 3279, 3280, 3281, 3282, 3283, 3284, 3285, 3286, 3287, 3288, 3289, 3290, 3291, 3292, 3293, 3294, 3295, 3296, 3297, 3298, 3299, 3300, 3301, 3302, 3303, 3304, 3305, 3306, 3307, 3308, 3309, 3310, 3311, 3312, 3313, 3314, 3315, 3316, 3317, 3318, 3319, 3320, 3321, 3322, 3323, 3324, 3325, 3326, 3327, 3328, 3329, 3330, 3331, 3332, 3333, 3334, 3335, 3336, 3337, 3338, 3339, 3340, 3341, 3342, 3343, 3344, 3345, 3346, 3347, 3348, 3349, 3350, 3351, 3352, 3353, 3354, 3355, 3356, 3357, 3358, 3359, 3360, 3361, 3362, 3363, 3364, 3365, 3366, 3367, 3368, 3369, 3370, 3371, 3372, 3373, 3374, 3375, 3376, 3377, 3378, 3379, 3380, 3381, 3382, 3383, 3384, 3385, 3386, 3387, 3388, 3389, 3390, 3391, 3392, 3393, 3394, 3395, 3396, 3397, 3398, 3399, 3400, 3401, 3402, 3403, 3404, 3405, 3406, 3407, 3408, 3409, 3410, 3411, 3412, 3413, 3414, 3415, 3416, 3417, 3418, 3419, 3420, 3421, 3422, 3423, 3424, 3425, 3426, 3427, 3428, 3429, 3430, 3431, 3432, 3433, 3434, 3435, 3436, 3437, 3438, 3439, 3440, 3441, 3442, 3443, 3444, 3445, 3446, 3447, 3448, 3449, 3450, 3451, 3452, 3453, 3454, 3455, 3456, 3457, 3458, 3459, 3460, 3461, 3462, 3463, 3464, 3465, 3466, 3467, 3468, 3469, 3470, 3471, 3472, 3473, 3474, 3475, 3476, 3477, 3478, 3479, 3480, 3481, 3482, 3483, 3484, 3485, 3486, 3487, 3488, 3489, 3490, 3491, 3492, 3493, 3494, 3495, 3496, 3497, 3498, 3499, 3500, 3501, 3502, 3503, 3504, 3505, 3506, 3507, 3508, 3509, 3510, 3511, 3512, 3513, 3514, 3515, 3516, 3517, 3518, 3519, 3520, 3521, 3522, 3523, 3524, 3525, 3526, 3527, 3528, 3529, 3530, 3531, 3532, 3533, 3534, 3535, 3536, 3537, 3538, 3539, 3540, 3541, 3542, 3543, 3544, 3545, 3546, 3547, 3548, 3549, 3550, 3551, 3552, 3553, 3554, 3555, 3556, 3557, 3558, 3559, 3560, 3561, 3562, 3563, 3564, 3565, 3566, 3567, 3568, 3569, 3570, 3571, 3572, 3573, 3574, 3575, 3576, 3577, 3578, 3579, 3580, 3581, 3582, 3583, 3584, 3585, 3586, 3587, 3588, 3589, 3590, 3591, 3592, 3593, 3594, 3595, 3596, 3597, 3598, 3599, 3600, 3601, 3602, 3603, 3604, 3605, 3606, 3607, 3608, 3609, 3610, 3611, 3612, 3613, 3614, 3615, 3616, 3617, 3618, 3619, 3620, 3621, 3622, 3623, 3624, 3625, 3626, 3627, 3628, 3629, 3630, 3631, 3632, 3633, 3634, 3635, 3636, 3637, 3638, 3639, 3640, 3641, 3642, 3643, 3644, 3645, 3646, 3647, 3648, 3649, 3650, 3651, 3652, 3653, 3654, 3655, 3656, 3657, 3658, 3659, 3660, 3661, 3662, 3663, 3664, 3665, 3666, 3667, 3668, 3669, 3670, 3671, 3672, 3673, 3674, 3675, 3676, 3677, 3678, 3679, 3680, 3681, 3682, 3683, 3684, 3685, 3686, 3687, 3688, 3689, 3690, 3691, 3692, 3693, 3694, 3695, 3696, 3697, 3698, 3699, 3700, 3701, 3702, 3703, 3704, 3705, 3706, 3707, 3708, 3709, 3710, 3711, 3712, 3713, 3714, 3715, 3716, 3717, 3718, 3719, 3720, 3721, 3722, 3723, 3724, 3725, 3726, 3727, 3728, 3729, 3730, 3731, 3732, 3733, 3734, 3735, 3736, 3737, 3738, 3739, 3740, 3741, 3742, 3743, 3744, 3745, 3746, 3747, 3748, 3749, 3750, 3751, 3752, 3753, 3754, 3755, 3756, 3757, 3758, 3759, 3760, 3761, 3762, 3763, 3764, 3765, 3766, 3767, 3768, 3769, 3770, 3771, 3772, 3773, 3774, 3775, 3776, 3777, 3778, 3779, 3780, 3781, 3782, 3783, 3784, 3785, 3786, 3787, 3788, 3789, 3790, 3791, 3792, 3793, 3794, 3795, 3796, 3797, 3798, 3799, 3800, 3801, 3802, 3803, 3804, 3805, 3806, 3807, 3808, 3809, 3810, 3811, 3812, 3813, 3814, 3815, 3816, 3817, 3818, 3819, 3820, 3821, 3822, 3823, 3824, 3825, 3826, 3827, 3828, 3829, 3830, 3831, 3832, 3833, 3834, 3835, 3836, 3837, 3838, 3839, 3840, 3841, 3842, 3843, 3844, 3845, 3846, 3847, 3848, 3849, 3850, 3851, 3852, 3853, 3854, 3855, 3856, 3857, 3858, 3859, 3860, 3861, 3862, 3863, 3864, 3865, 3866, 3867, 3868, 3869, 3870, 3871, 3872, 3873, 3874, 3875, 3876, 3877, 3878, 3879, 3880, 3881, 3882, 3883, 3884, 3885, 3886, 3887, 3888, 3889, 3890, 3891, 3892, 3893, 3894, 3895, 3896, 3897, 3898, 3899, 3900, 3901, 3902, 3903, 3904, 3905, 3906, 3907, 3908, 3909, 3910, 3911, 3912, 3913, 3914, 3915, 3916, 3917, 3918, 3919, 3920, 3921, 3922, 3923, 3924, 3925, 3926, 3927, 3928, 3929, 3930, 3931, 3932, 3933, 3934, 3935, 3936, 3937, 3938, 3939, 3940, 3941, 3942, 3943, 3944, 3945, 3946, 3947, 3948, 3949, 3950, 3951, 3952, 3953, 3954, 3955, 3956, 3957, 3958, 3959, 3960, 3961, 3962, 3963, 3964, 3965, 3966, 3967, 3968, 3969, 3970, 3971, 3972, 3973, 3974, 3975, 3976, 3977, 3978, 3979, 3980, 3981, 3982, 3983, 3984, 3985, 3986, 3987, 3988, 3989, 3990, 3991, 3992, 3993, 3994, 3995, 3996, 3997, 3998, 3999, 4000, 4001, 4002, 4003, 4004, 4005, 4006, 4007, 4008, 4009, 4010, 4011, 4012, 4013, 4014, 4015, 4016, 4017, 4018, 4019, 4020, 4021, 4022, 4023, 4024, 4025, 4026, 4027, 4028, 4029, 4030, 4031, 4032, 4033, 4034, 4035, 4036, 4037, 4038, 4039, 4040, 4041, 4042, 4043, 4044, 4045, 4046, 4047, 4048, 4049, 4050, 4051, 4052, 4053, 4054, 4055, 4056, 4057, 4058, 4059, 4060, 4061, 4062, 4063, 4064, 4065, 4066, 4067, 4068, 4069, 4070, 4071, 4072, 4073, 4074, 4075, 4076, 4077, 4078, 4079, 4080, 4081, 4082, 4083, 4084, 4085, 4086, 4087, 4088, 4089, 4090, 4091, 4092, 4093, 4094, 4095, 4096, 4097, 4098, 4099, 4100, 4101, 4102, 4103, 4104, 4105, 4106, 4107, 4108, 4109, 4110, 4111, 4112, 4113, 4114, 4115, 4116, 4117, 4118, 4119, 4120, 4121, 4122, 4123, 4124, 4125, 4126, 4127, 4128, 4129, 4130, 4131, 4132, 4133, 4134, 4135, 4136, 4137, 4138, 4139, 4140, 4141, 4142, 4143, 4144, 4145, 4146, 4147, 4148, 4149, 4150, 4151, 4152, 4153, 4154, 4155, 4156, 4157, 4158, 4159, 4160, 4161, 4162, 4163, 4164, 4165, 4166, 4167, 4168, 4169, 4170, 4171, 4172, 4173, 4174, 4175, 4176, 4177, 4178, 4179, 4180, 4181, 4182, 4183, 4184, 4185, 4186, 4187, 4188, 4189, 4190, 4191, 4192, 4193, 4194, 4195, 4196, 4197, 4198, 4199, 4200, 4201, 4202, 4203, 4204, 4205, 4206, 4207, 4208, 4209, 4210, 4211, 4212, 4213, 4214, 4215, 4216, 4217, 4218, 4219, 4220, 4221, 4222, 4223, 4224, 4225, 4226, 4227, 4228, 4229, 4230, 4231, 4232, 4233, 4234, 4235, 4236, 4237, 4238, 4239, 4240, 4241, 4242, 4243, 4244, 4245, 4246, 4247, 4248, 4249, 4250, 4251, 4252, 4253, 4254, 4255, 4256, 4257, 4258, 4259, 4260, 4261, 4262, 4263, 4264, 4265, 4266, 4267, 4268, 4269, 4270, 4271, 4272, 4273, 4274, 4275, 4276, 4277, 4278, 4279, 4280, 4281, 4282, 4283, 4284, 4285, 4286, 4287, 4288, 4289, 4290, 4291, 4292, 4293, 4294, 4295, 4296, 4297, 4298, 4299, 4300, 4301, 4302, 4303, 4304, 4305, 4306, 4307, 4308, 4309, 4310, 4311, 4312, 4313, 4314, 4315, 4316, 4317, 4318, 4319, 4320, 4321, 4322, 4323, 4324, 4325, 4326, 4327, 4328, 4329, 4330, 4331, 4332, 4333, 4334, 4335, 4336, 4337, 4338, 4339, 4340, 4341, 4342, 4343, 4344, 4345, 4346, 4347, 4348, 4349, 4350, 4351, 4352, 4353, 4354, 4355, 4356, 4357, 4358, 4359, 4360, 4361, 4362, 4363, 4364, 4365, 4366, 4367, 4368, 4369, 4370, 4371, 4372, 4373, 4374, 4375, 4376, 4377, 4378, 4379, 4380, 4381, 4382, 4383, 4384, 4385, 4386, 4387, 4388, 4389, 4390, 4391, 4392, 4393, 4394, 4395, 4396, 4397, 4398, 4399, 4400, 4401, 4402, 4403, 4404, 4405, 4406, 4407, 4408, 4409, 4410, 4411, 4412, 4413, 4414, 4415, 4416, 4417, 4418, 4419, 4420, 4421, 4422, 4423, 4424, 4425, 4426, 4427, 4428, 4429, 4430, 4431, 4432, 4433, 4434, 4435, 4436, 4437, 4438, 4439, 4440, 4441, 4442, 4443, 4444, 4445, 4446, 4447, 4448, 4449, 4450, 4451, 4452, 4453, 4454, 4455, 4456, 4457, 4458, 4459, 4460, 4461, 4462, 4463, 4464, 4465, 4466, 4467, 4468, 4469, 4470, 4471, 4472, 4473, 4474, 4475, 4476, 4477, 4478, 4479, 4480, 4481, 4482, 4483, 4484, 4485, 4486, 4487, 4488, 4489, 4490, 4491, 4492, 4493, 4494, 4495, 4496, 4497, 4498, 4499, 4500, 4501, 4502, 4503, 4504, 4505, 4506, 4507, 4508, 4509, 4510, 4511, 4512, 4513, 4514, 4515, 4516, 4517, 4518, 4519, 4520, 4521, 4522, 4523, 4524, 4525, 4526, 4527, 4528, 4529, 4530, 4531, 4532, 4533, 4534, 4535, 4536, 4537, 4538, 4539, 4540, 4541, 4542, 4543, 4544, 4545, 4546, 4547, 4548, 4549, 4550, 4551, 4552, 4553, 4554, 4555, 4556, 4557, 4558, 4559, 4560, 4561, 4562, 4563, 4564, 4565, 4566, 4567, 4568, 4569, 4570, 4571, 4572, 4573, 4574, 4575, 4576, 4577, 4578, 4579, 4580, 4581, 4582, 4583, 4584, 4585, 4586, 4587, 4588, 4589, 4590, 4591, 4592, 4593, 4594, 4595, 4596, 4597, 4598, 4599, 4600, 4601, 4602, 4603, 4604, 4605, 4606, 4607, 4608, 4609, 4610, 4611, 4612, 4613, 4614, 4615, 4616, 4617, 4618, 4619, 4620, 4621, 4622, 4623, 4624, 4625, 4626, 4627, 4628, 4629, 4630, 4631, 4632, 4633, 4634, 4635, 4636, 4637, 4638, 4639, 4640, 4641, 4642, 4643, 4644, 4645, 4646, 4647, 4648, 4649, 4650, 4651, 4652, 4653, 4654, 4655, 4656, 4657, 4658, 4659, 4660, 4661, 4662, 4663, 4664, 4665, 4666, 4667, 4668, 4669, 4670, 4671, 4672, 4673, 4674, 4675, 4676, 4677, 4678, 4679, 4680, 4681, 4682, 4683, 4684, 4685, 4686, 4687, 4688, 4689, 4690, 4691, 4692, 4693, 4694, 4695, 4696, 4697, 4698, 4699, 4700, 4701, 4702, 4703, 4704, 4705, 4706, 4707, 4708, 4709, 4710, 4711, 4712, 4713, 4714, 4715, 4716, 4717, 4718, 4719, 4720, 4721, 4722, 4723, 4724, 4725, 4726, 4727, 4728, 4729, 4730, 4731, 4732, 4733, 4734, 4735, 4736, 4737, 4738, 4739, 4740, 4741, 4742, 4743, 4744, 4745, 4746, 4747, 4748, 4749, 4750, 4751, 4752, 4753, 4754, 4755, 4756, 4757, 4758, 4759, 4760, 4761, 4762, 4763, 4764, 4765, 4766, 4767, 4768, 4770, 4771, 4772, 4773, 4774, 4775, 4776, 4777, 4778, 4779, 4780, 4781, 4782, 4783, 4784, 4785, 4786, 4787, 4788, 4789, 4790, 4791, 4792, 4793, 4794, 4795, 4796, 4797, 4798, 4799, 4800, 4801, 4802, 4803, 4804, 4805, 4806, 4807, 4808, 4809, 4810, 4811, 4812, 4813, 4814, 4815, 4816, 4817, 4818, 4819, 4820, 4821, 4822, 4823, 4824, 4825, 4826, 4827, 4828, 4829, 4830, 4831, 4832, 4833, 4834, 4835, 4836, 4837, 4838, 4839, 4840, 4841, 4842, 4843, 4844, 4845, 4846, 4847, 4848, 4849, 4850, 4851, 4852, 4853, 4854, 4855, 4856, 4857, 4858, 4859, 4860, 4861, 4862, 4863, 4864, 4865, 4866, 4867, 4868, 4869, 4870, 4871, 4872, 4873, 4874, 4875, 4876, 4877, 4878, 4879, 4880, 4881, 4882, 4883, 4884, 4885, 4886, 4887, 4888, 4889, 4890, 4891, 4892, 4893, 4894, 4895, 4896, 4897, 4898, 4899, 4900, 4901, 4902, 4903, 4904, 4905, 4906, 4907, 4908, 4909, 4910, 4911, 4912, 4913, 4914, 4915, 4916, 4917, 4918]
Packed_weights: [845, 758, 421, 259, 512, 405, 784, 304, 477, 584, 909, 505, 282, 756, 619, 251, 910, 983, 811, 903, 311, 730, 899, 684, 473, 101, 435, 611, 914, 967, 478, 866, 261, 806, 549, 15, 720, 399, 825, 669, 2, 494, 868, 244, 326, 871, 192, 568, 239, 968, 804, 448, 81, 321, 508, 933, 110, 552, 707, 548, 815, 541, 964, 604, 588, 445, 597, 385, 576, 291, 190, 187, 613, 657, 477, 90, 758, 877, 924, 843, 899, 924, 541, 392, 706, 276, 812, 850, 896, 590, 950, 580, 451, 661, 997, 917, 794, 83, 613, 487, 631, 846, 244, 732, 118, 221, 795, 333, 816, 101, 147, 698, 46, 574, 911, 535, 681, 27, 635, 607, 576, 392, 371, 981, 37, 22, 962, 185, 124, 211, 801, 937, 23, 426, 102, 260, 221, 647, 351, 181, 504, 40, 101, 989, 200, 359, 732, 839, 919, 170, 673, 967, 59, 677, 846, 343, 251, 597, 443, 175, 472, 410, 570, 509, 312, 358, 838, 251, 561, 13, 742, 336, 46, 281, 241, 954, 353, 288, 360, 947, 634, 622, 716, 389, 415, 651, 2, 193, 335, 240, 638, 379, 876, 569, 415, 403, 702, 419, 663, 47, 446, 260, 158, 528, 488, 562, 756, 884, 495, 313, 467, 810, 876, 813, 189, 1000, 634, 84, 726, 987, 402, 679, 317, 214, 718, 3, 823, 529, 98, 119, 650, 874, 280, 979, 101, 854, 397, 82, 275, 453, 793, 862, 134, 521, 651, 348, 872, 279, 19, 41, 681, 559, 947, 939, 910, 43, 750, 702, 656, 713, 903, 641, 373, 538, 208, 588, 9, 152, 334, 790, 719, 339, 621, 42, 164, 982, 290, 395, 549, 294, 479, 240, 49, 180, 524, 71, 404, 329, 415, 100, 909, 475, 841, 977, 344, 480, 700, 427, 302, 735, 895, 920, 627, 376, 975, 639, 66, 85, 750, 62, 8, 394, 520, 449, 489, 585, 680, 424, 369, 989, 261, 778, 432, 359, 64, 864, 703, 904, 452, 677, 119, 398, 208, 43, 948, 216, 147, 198, 379, 547, 152, 989, 983, 149, 406, 680, 878, 496, 918, 323, 499, 499, 671, 202, 610, 219, 341, 963, 900, 819, 36, 149, 257, 785, 843, 583, 719, 808, 67, 85, 869, 40, 226, 41, 16, 844, 331, 161, 149, 657, 969, 505, 902, 503, 574, 679, 806, 758, 991, 747, 906, 207, 536, 599, 826, 483, 792, 389, 587, 852, 799, 657, 1, 182, 507, 255, 66, 860, 943, 303, 409, 811, 63, 641, 128, 288, 830, 56, 36, 418, 492, 864, 718, 674, 152, 987, 412, 612, 387, 48, 471, 152, 33, 618, 630, 106, 550, 347, 384, 777, 491, 882, 611, 468, 633, 338, 125, 683, 623, 789, 128, 912, 800, 917, 873, 682, 811, 520, 786, 190, 783, 445, 757, 456, 790, 76, 45, 935, 487, 902, 945, 667, 572, 216, 94, 820, 889, 780, 699, 421, 306, 114, 426, 567, 923, 936, 416, 100, 774, 735, 31, 447, 687, 31, 920, 963, 723, 79, 71, 360, 30, 348, 10, 975, 820, 71, 894, 208, 205, 674, 939, 124, 8, 370, 25, 605, 860, 187, 113, 345, 960, 131, 967, 363, 474, 293, 938, 959, 636, 185, 993, 103, 581, 157, 898, 946, 805, 316, 243, 755, 292, 420, 47, 133, 21, 78, 74, 421, 551, 741, 143, 423, 637, 85, 445, 370, 949, 58, 409, 418, 729, 321, 204, 294, 471, 951, 797, 277, 559, 689, 796, 447, 399, 768, 432, 248, 454, 938, 143, 463, 638, 484, 204, 2, 699, 619, 8, 299, 769, 629, 546, 157, 707, 472, 679, 761, 233, 762, 281, 985, 121, 884, 41, 257, 527, 582, 397, 103, 253, 284, 756, 909, 596, 36, 793, 306, 340, 531, 250, 920, 164, 415, 290, 520, 574, 628, 532, 411, 635, 404, 779, 789, 293, 372, 629, 158, 698, 382, 592, 140, 669, 355, 473, 416, 477, 695, 319, 653, 61, 301, 746, 53, 622, 26, 472, 889, 11, 527, 67, 868, 687, 742, 670, 7, 42, 621, 1000, 874, 700, 728, 227, 752, 288, 106, 461, 331, 169, 422, 898, 436, 448, 709, 525, 130, 911, 445, 790, 389, 807, 390, 221, 197, 941, 587, 50, 389, 235, 85, 187, 57, 639, 174, 611, 613, 705, 513, 285, 878, 354, 459, 632, 517, 957, 955, 930, 935, 581, 491, 705, 216, 266, 44, 163, 4, 655, 141, 787, 681, 971, 397, 922, 454, 340, 103, 883, 795, 323, 456, 326, 29, 45, 369, 210, 525, 188, 202, 673, 736, 313, 860, 255, 344, 713, 45, 935, 73, 461, 725, 48, 810, 979, 461, 119, 82, 99, 766, 415, 920, 441, 78, 427, 755, 830, 40, 181, 491, 129, 872, 935, 320, 435, 558, 286, 542, 202, 297, 442, 605, 537, 261, 232, 119, 784, 99, 733, 249, 285, 737, 660, 742, 516, 860, 122, 646, 119, 738, 359, 675, 704, 661, 222, 832, 241, 519, 675, 234, 629, 287, 172, 810, 554, 328, 586, 26, 130, 396, 976, 511, 77, 766, 782, 775, 570, 696, 214, 733, 817, 760, 354, 592, 629, 901, 109, 834, 527, 359, 456, 13, 221, 653, 661, 495, 954, 481, 314, 848, 260, 605, 704, 822, 786, 385, 60, 39, 727, 962, 344, 442, 726, 658, 261, 672, 305, 357, 540, 733, 152, 22, 628, 25, 45, 226, 654, 67, 63, 973, 423, 893, 217, 436, 359, 177, 329, 987, 748, 383, 410, 264, 532, 736, 687, 463, 42, 922, 409, 391, 4, 139, 869, 514, 733, 149, 331, 841, 821, 247, 22, 807, 169, 788, 684, 169, 79, 928, 598, 621, 458, 151, 602, 253, 806, 733, 28, 933, 37, 90, 293, 151, 237, 356, 736, 405, 270, 493, 393, 311, 901, 551, 978, 773, 571, 263, 687, 456, 722, 404, 497, 21, 740, 35, 681, 583, 776, 290, 687, 208, 530, 341, 979, 972, 209, 567, 330, 969, 925, 587, 721, 682, 354, 917, 900, 331, 748, 10, 817, 565, 953, 364, 626, 324, 783, 601, 988, 2, 141, 44, 126, 930, 949, 481, 947, 819, 779, 748, 188, 549, 424, 950, 174, 170, 659, 158, 111, 504, 797, 606, 755, 266, 285, 429, 991, 718, 947, 538, 555, 991, 190, 783, 792, 845, 751, 156, 662, 924, 564, 361, 950, 562, 412, 615, 805, 229, 16, 530, 942, 681, 631, 628, 497, 731, 250, 892, 275, 945, 927, 78, 449, 745, 450, 509, 807, 705, 959, 165, 924, 928, 635, 941, 253, 882, 774, 610, 91, 31, 11, 251, 763, 387, 776, 626, 390, 881, 39, 466, 830, 127, 711, 329, 25, 474, 522, 42, 566, 348, 5, 191, 111, 541, 44, 929, 846, 946, 315, 906, 985, 765, 276, 671, 596, 405, 307, 60, 126, 134, 481, 642, 765, 47, 824, 44, 555, 745, 632, 950, 345, 586, 83, 560, 814, 202, 261, 701, 254, 260, 936, 999, 156, 901, 553, 39, 586, 642, 34, 758, 818, 72, 649, 457, 239, 459, 160, 334, 656, 477, 556, 544, 821, 344, 813, 80, 428, 353, 452, 834, 513, 988, 862, 119, 317, 23, 734, 20, 886, 194, 414, 63, 312, 390, 53, 768, 712, 358, 836, 78, 55, 355, 902, 757, 673, 563, 804, 413, 31, 803, 191, 388, 358, 124, 351, 178, 617, 654, 14, 457, 555, 872, 497, 81, 52, 863, 791, 859, 263, 648, 96, 827, 334, 956, 472, 34, 910, 626, 288, 37, 377, 157, 549, 147, 175, 921, 641, 243, 879, 625, 946, 483, 888, 679, 45, 241, 282, 171, 239, 227, 879, 463, 877, 138, 565, 14, 931, 6, 390, 802, 1000, 20, 825, 511, 39, 778, 112, 612, 779, 674, 380, 27, 437, 914, 333, 248, 138, 511, 534, 74, 408, 659, 967, 432, 437, 472, 226, 395, 646, 398, 582, 836, 998, 886, 372, 22, 612, 475, 238, 41, 322, 799, 965, 107, 878, 49, 714, 27, 422, 871, 394, 925, 714, 605, 162, 341, 412, 591, 997, 284, 504, 934, 346, 629, 767, 631, 754, 196, 958, 177, 584, 297, 635, 292, 432, 683, 270, 728, 347, 133, 614, 166, 431, 399, 77, 711, 681, 778, 545, 554, 170, 208, 229, 526, 819, 357, 882, 736, 717, 336, 119, 963, 855, 409, 864, 900, 343, 502, 332, 696, 913, 985, 744, 306, 881, 993, 347, 949, 512, 965, 996, 813, 684, 155, 5, 596, 705, 936, 518, 697, 648, 205, 645, 982, 112, 689, 615, 376, 794, 11, 893, 818, 481, 109, 453, 585, 254, 487, 776, 923, 562, 828, 78, 857, 921, 169, 828, 850, 879, 518, 609, 209, 709, 406, 22, 135, 389, 886, 565, 917, 930, 87, 589, 335, 507, 456, 480, 102, 834, 491, 645, 473, 182, 542, 160, 853, 832, 144, 69, 69, 394, 954, 557, 266, 230, 111, 142, 812, 139, 865, 823, 137, 559, 8, 863, 559, 756, 491, 691, 932, 560, 875, 344, 98, 6, 227, 839, 312, 225, 496, 947, 509, 341, 78, 574, 227, 368, 382, 759, 232, 936, 743, 482, 881, 360, 385, 130, 779, 402, 501, 471, 657, 374, 916, 432, 360, 401, 767, 994, 867, 480, 292, 446, 345, 244, 187, 956, 500, 110, 384, 389, 514, 981, 977, 566, 619, 676, 503, 487, 315, 684, 92, 318, 891, 228, 968, 985, 576, 41, 94, 201, 327, 114, 798, 365, 234, 44, 383, 5, 117, 605, 935, 200, 742, 198, 2, 897, 847, 67, 178, 235, 929, 382, 808, 436, 382, 766, 616, 270, 583, 704, 828, 678, 641, 596, 93, 946, 715, 273, 693, 621, 659, 379, 574, 661, 202, 509, 121, 106, 912, 125, 894, 470, 455, 340, 417, 378, 565, 336, 822, 234, 249, 481, 936, 24, 724, 7, 405, 765, 447, 430, 254, 476, 229, 284, 654, 600, 930, 969, 523, 88, 300, 518, 674, 947, 156, 37, 871, 806, 766, 469, 678, 412, 193, 391, 788, 802, 962, 888, 683, 521, 724, 184, 924, 713, 595, 435, 634, 618, 899, 571, 214, 442, 243, 905, 844, 556, 197, 44, 135, 444, 675, 224, 685, 862, 758, 426, 646, 989, 886, 339, 686, 164, 558, 357, 439, 439, 664, 846, 469, 147, 755, 752, 954, 395, 464, 541, 893, 705, 22, 208, 854, 586, 874, 412, 211, 5, 997, 137, 643, 490, 381, 538, 79, 971, 493, 16, 420, 758, 313, 746, 768, 240, 968, 28, 864, 513, 154, 259, 594, 279, 839, 220, 385, 507, 340, 825, 264, 89, 155, 627, 564, 64, 994, 480, 320, 730, 25, 435, 665, 963, 762, 886, 119, 430, 32, 272, 385, 344, 374, 804, 190, 825, 542, 339, 553, 162, 496, 22, 863, 332, 345, 996, 614, 418, 791, 68, 571, 521, 862, 587, 486, 521, 782, 348, 558, 708, 996, 694, 962, 400, 609, 746, 349, 270, 973, 349, 1000, 853, 217, 829, 984, 277, 665, 770, 84, 820, 309, 707, 951, 36, 612, 293, 115, 712, 980, 513, 347, 450, 415, 532, 410, 81, 980, 997, 175, 242, 437, 699, 32, 836, 639, 270, 871, 662, 317, 548, 980, 49, 709, 850, 693, 141, 598, 786, 419, 583, 254, 313, 809, 490, 449, 123, 375, 521, 232, 808, 384, 239, 309, 825, 905, 961, 16, 754, 526, 125, 247, 282, 405, 471, 937, 59, 710, 855, 358, 250, 222, 301, 146, 552, 251, 28, 233, 821, 418, 884, 944, 244, 560, 882, 582, 169, 248, 988, 300, 868, 796, 742, 722, 790, 848, 63, 168, 506, 213, 534, 494, 127, 86, 12, 826, 82, 962, 984, 746, 451, 276, 413, 346, 397, 727, 893, 158, 243, 210, 46, 855, 512, 68, 447, 451, 778, 762, 135, 627, 510, 14, 148, 667, 368, 964, 502, 689, 134, 480, 735, 834, 200, 397, 474, 441, 476, 296, 809, 914, 350, 638, 381, 579, 696, 502, 675, 758, 844, 189, 217, 515, 510, 808, 518, 901, 778, 507, 827, 476, 342, 434, 457, 651, 53, 730, 969, 459, 69, 202, 104, 257, 794, 2, 874, 940, 186, 174, 966, 361, 812, 10, 991, 17, 608, 929, 832, 311, 823, 394, 500, 364, 355, 583, 783, 700, 769, 15, 532, 353, 209, 921, 197, 185, 179, 659, 612, 506, 587, 941, 862, 906, 55, 898, 32, 648, 931, 503, 420, 332, 917, 926, 620, 715, 340, 139, 980, 658, 275, 978, 609, 331, 896, 78, 805, 160, 108, 259, 715, 609, 422, 160, 924, 767, 687, 813, 775, 113, 774, 839, 747, 483, 687, 101, 765, 263, 786, 636, 510, 537, 75, 41, 15, 776, 139, 123, 386, 978, 886, 314, 820, 86, 393, 580, 987, 49, 413, 920, 28, 600, 400, 561, 704, 407, 893, 956, 986, 55, 837, 879, 146, 942, 128, 208, 956, 831, 577, 288, 253, 404, 9, 637, 52, 774, 71, 11, 285, 773, 833, 508, 939, 115, 333, 741, 324, 146, 579, 63, 374, 254, 332, 486, 536, 85, 316, 384, 404, 481, 426, 75, 220, 645, 829, 512, 149, 71, 156, 385, 566, 665, 525, 566, 353, 666, 727, 403, 815, 744, 905, 467, 346, 778, 38, 384, 978, 343, 513, 250, 77, 111, 436, 620, 546, 519, 112, 41, 359, 943, 180, 270, 484, 915, 947, 2, 648, 237, 655, 743, 888, 684, 848, 785, 161, 44, 739, 526, 998, 165, 386, 288, 879, 484, 914, 708, 999, 600, 977, 174, 442, 579, 979, 568, 866, 629, 513, 392, 369, 296, 212, 963, 537, 866, 885, 943, 239, 338, 634, 323, 144, 760, 551, 537, 711, 115, 922, 480, 692, 601, 606, 710, 89, 497, 211, 390, 512, 354, 407, 731, 44, 957, 604, 164, 558, 81, 502, 689, 420, 315, 674, 936, 874, 386, 864, 116, 59, 984, 763, 615, 559, 309, 900, 853, 482, 221, 677, 727, 996, 791, 92, 990, 855, 583, 331, 733, 597, 96, 564, 21, 789, 824, 731, 92, 589, 392, 129, 893, 943, 923, 532, 865, 198, 296, 909, 591, 227, 131, 229, 497, 304, 735, 272, 79, 899, 664, 975, 182, 871, 18, 538, 480, 127, 816, 271, 899, 700, 853, 867, 792, 737, 5, 144, 208, 578, 4, 128, 485, 42, 319, 220, 175, 317, 882, 232, 650, 734, 676, 189, 350, 273, 539, 970, 218, 553, 66, 376, 955, 909, 96, 853, 716, 918, 461, 423, 897, 537, 762, 178, 69, 441, 328, 512, 345, 863, 736, 384, 126, 710, 542, 152, 35, 617, 517, 576, 416, 469, 392, 88, 536, 122, 674, 750, 168, 202, 241, 599, 407, 888, 548, 526, 219, 91, 925, 100, 131, 196, 577, 640, 432, 395, 642, 263, 801, 641, 603, 29, 346, 769, 206, 645, 975, 441, 518, 213, 8, 237, 472, 605, 836, 291, 330, 721, 665, 715, 878, 89, 125, 497, 613, 655, 231, 137, 922, 241, 18, 283, 518, 634, 740, 146, 508, 321, 725, 360, 812, 192, 995, 522, 424, 726, 379, 36, 441, 288, 662, 527, 831, 490, 156, 149, 573, 265, 212, 942, 140, 917, 537, 937, 840, 299, 471, 86, 367, 927, 101, 246, 43, 861, 684, 590, 466, 261, 586, 703, 793, 163, 626, 679, 582, 728, 518, 955, 651, 629, 14, 144, 602, 767, 145, 637, 155, 764, 822, 621, 68, 280, 270, 468, 781, 579, 992, 709, 142, 980, 59, 333, 638, 391, 23, 297, 242, 777, 593, 144, 873, 213, 320, 875, 766, 421, 520, 980, 711, 716, 656, 989, 925, 299, 446, 636, 237, 648, 904, 307, 368, 450, 387, 644, 52, 777, 286, 623, 424, 612, 569, 518, 161, 8, 107, 385, 258, 485, 471, 516, 133, 498, 951, 172, 16, 339, 709, 861, 110, 32, 311, 623, 921, 331, 780, 128, 641, 250, 762, 913, 442, 688, 355, 850, 411, 585, 987, 558, 453, 97, 950, 525, 701, 655, 238, 638, 97, 58, 841, 601, 302, 527, 558, 678, 1, 145, 94, 754, 453, 199, 375, 670, 462, 546, 938, 401, 104, 108, 725, 313, 116, 779, 889, 103, 617, 741, 246, 837, 685, 445, 166, 258, 830, 168, 705, 571, 561, 17, 123, 310, 631, 382, 257, 384, 464, 595, 560, 369, 426, 807, 590, 971, 603, 284, 514, 473, 853, 738, 881, 718, 254, 273, 164, 880, 901, 324, 24, 475, 789, 703, 676, 22, 102, 730, 819, 183, 817, 952, 602, 552, 33, 414, 467, 954, 441, 12, 568, 69, 993, 660, 720, 694, 941, 405, 279, 79, 23, 478, 744, 740, 3, 617, 832, 867, 770, 419, 704, 702, 65, 39, 347, 644, 381, 645, 762, 772, 284, 972, 554, 628, 636, 674, 155, 675, 432, 969, 715, 974, 992, 834, 587, 601, 470, 370, 419, 914, 647, 170, 38, 440, 441, 66, 227, 332, 377, 625, 156, 822, 498, 70, 100, 944, 32, 649, 179, 655, 988, 919, 438, 432, 290, 441, 958, 38, 479, 896, 107, 117, 815, 283, 798, 302, 33, 820, 332, 462, 60, 651, 829, 220, 934, 634, 549, 206, 877, 424, 43, 926, 369, 295, 59, 34, 44, 875, 868, 470, 82, 140, 948, 561, 796, 77, 66, 778, 116, 821, 935, 433, 116, 718, 446, 502, 888, 540, 139, 373, 850, 512, 81, 507, 36, 880, 249, 730, 995, 897, 529, 325, 699, 547, 909, 243, 694, 153, 406, 778, 365, 284, 353, 374, 8, 144, 741, 693, 653, 137, 116, 490, 484, 126, 966, 818, 873, 173, 657, 814, 324, 986, 96, 794, 145, 252, 190, 116, 671, 243, 800, 770, 958, 775, 991, 558, 32, 333, 395, 967, 422, 271, 800, 920, 47, 981, 723, 996, 649, 8, 679, 227, 989, 933, 861, 709, 254, 927, 823, 634, 171, 200, 567, 594, 409, 814, 679, 259, 31, 607, 330, 890, 235, 549, 198, 967, 643, 754, 891, 454, 547, 450, 620, 335, 822, 366, 772, 17, 364, 480, 902, 723, 734, 637, 901, 725, 632, 921, 765, 15, 869, 189, 749, 414, 393, 154, 429, 1000, 828, 737, 643, 215, 64, 933, 909, 3, 912, 749, 99, 155, 177, 257, 903, 422, 539, 425, 465, 251, 316, 253, 285, 608, 24, 938, 514, 503, 422, 732, 762, 723, 966, 415, 86, 799, 713, 26, 493, 810, 949, 350, 472, 445, 745, 704, 475, 186, 588, 25, 356, 308, 67, 98, 789, 454, 129, 934, 316, 441, 695, 155, 783, 846, 492, 710, 724, 992, 776, 361, 511, 394, 536, 896, 97, 895, 504, 146, 934, 195, 27, 471, 574, 51, 629, 564, 564, 81, 357, 131, 468, 371, 330, 882, 625, 111, 658, 997, 366, 771, 658, 476, 405, 214, 418, 267, 487, 670, 887, 146, 810, 762, 629, 193, 72, 137, 322, 292, 811, 344, 163, 976, 705, 804, 498, 97, 587, 445, 319, 88, 317, 273, 357, 714, 117, 379, 759, 310, 856, 865, 190, 650, 640, 170, 558, 476, 241, 713, 896, 897, 106, 379, 90, 464, 664, 707, 58, 114, 633, 835, 608, 94, 82, 581, 217, 748, 303, 826, 903, 532, 703, 765, 627, 647, 404, 893, 178, 162, 725, 212, 521, 902, 358, 736, 870, 659, 91, 517, 798, 998, 459, 57, 350, 500, 930, 66, 916, 440, 100, 752, 122, 134, 237, 548, 661, 861, 590, 638, 482, 505, 663, 270, 296, 623, 622, 181, 196, 549, 834, 312, 174, 49, 531, 529, 613, 547, 659, 871, 318, 797, 227, 331, 495, 520, 738, 27, 739, 807, 2, 562, 19, 139, 872, 55, 908, 668, 766, 676, 759, 732, 895, 360, 383, 650, 531, 679, 369, 419, 393, 40, 737, 569, 886, 738, 415, 776, 64, 637, 932, 892, 317, 281, 295, 887, 343, 414, 330, 267, 871, 444, 535, 402, 336, 404, 895, 281, 697, 215, 910, 467, 299, 429, 740, 857, 813, 130, 968, 478, 952, 171, 941, 193, 870, 271, 841, 164, 855, 662, 122, 937, 435, 184, 844, 55, 39, 738, 90, 747, 95, 940, 138, 563, 647, 367, 96, 489, 336, 891, 204, 224, 598, 444, 287, 141, 840, 96, 904, 941, 131, 925, 266, 793, 325, 446, 711, 547, 755, 397, 63, 344, 885, 803, 927, 590, 329, 482, 494, 246, 872, 60, 332, 979, 561, 944, 7, 812, 626, 857, 735, 1000, 338, 744, 845, 694, 792, 820, 272, 284, 405, 24, 906, 812, 132, 819, 330, 607, 490, 445, 610, 908, 415, 27, 852, 952, 808, 157, 422, 757, 864, 870, 924, 642, 139, 421, 960, 133, 933, 360, 591, 814, 93, 113, 479, 905, 971, 655, 192, 794, 377, 265, 590, 443, 520, 971, 39, 874, 434, 846, 877, 737, 474, 522, 597, 396, 714, 855, 337, 955, 563, 294, 163, 727, 282, 809, 947, 353, 378, 302, 256, 999, 828, 866, 28, 953, 824, 824, 927, 412, 77, 570, 536, 216, 743, 986, 717, 795, 773, 811, 160, 606, 609, 875, 438, 261, 537, 494, 17, 49, 189, 493, 659, 521, 575, 992, 88, 373, 546, 791, 884, 621, 656, 895, 792, 581, 13, 413, 71, 963, 827, 346, 101, 565, 353, 724, 838, 597, 819, 9, 234, 431, 466, 813, 176, 573, 538, 648, 14, 44, 91, 394, 598, 735, 651, 108, 866, 395, 817, 172, 381, 671, 631, 519, 924, 812, 596, 678, 416, 513, 631, 838, 200, 458, 185, 198, 36, 120, 758, 330, 305, 144, 577, 416, 56, 383, 808, 757, 975, 858, 498, 793, 786, 411, 388, 561, 443, 623, 814, 919, 644, 525, 216, 400, 225, 729, 541, 154, 166, 29, 114, 620, 638, 529, 790, 547, 257, 766, 367, 45, 217, 445, 614, 780, 862, 775, 752, 590, 194, 667, 695, 269, 372, 294, 996, 698, 360, 195, 341, 242, 831, 189, 379, 535, 252, 169, 962, 904, 27, 534, 44, 434, 110, 805, 201, 301, 86, 969, 501, 423, 553, 180, 798, 288, 847, 740, 295, 487, 295, 941, 849, 539, 690, 78, 801, 359, 269, 328, 890, 104, 987, 464, 628, 507, 63, 766, 402, 483, 822, 312, 141, 46, 690, 67, 594, 69, 113, 394, 292, 108, 942, 947, 963, 981, 910, 567, 405, 742, 524, 228, 776, 164, 652, 950, 536, 146, 359, 511, 433, 150, 599, 881, 972, 182, 659, 22, 150, 514, 607, 248, 735, 893, 971, 104, 684, 523, 699, 934, 287, 882, 91, 42, 926, 259, 711, 220, 589, 341, 723, 745, 903, 804, 451, 128, 672, 440, 709, 989, 335, 444, 344, 322, 243, 353, 363, 359, 948, 376, 18, 965, 582, 309, 794, 23, 855, 119, 25, 144, 836, 51, 914, 292, 197, 656, 243, 566, 764, 668, 318, 634, 629, 21, 461, 633, 382, 161, 913, 11, 866, 167, 992, 911, 92, 768, 668, 865, 497, 313, 791, 737, 537, 986, 770, 498, 926, 506, 844, 50, 130, 213, 233, 141, 42, 560, 590, 727, 615, 454, 450, 15, 617, 636, 626, 962, 704, 211, 611, 554, 673, 595, 758, 459, 567, 926, 264, 663, 738, 822, 574, 975, 963, 514, 453, 104, 588, 312, 688, 717, 867, 744, 810, 842, 996, 330, 589, 558, 571, 668, 937, 19, 311, 463, 517, 907, 500, 237, 858, 515, 785, 265, 945, 402, 447, 477, 331, 759, 577, 604, 601, 295, 342, 92, 385, 263, 349, 625, 685, 749, 222, 184, 969, 467, 476, 84, 688, 173, 53, 251, 967, 333, 58, 671, 175, 285, 477, 541, 303, 925, 758, 627, 76, 819, 830, 809, 832, 174, 899, 295, 265, 2, 158, 348, 234, 875, 48, 446, 379, 865, 836, 325, 679, 460, 251, 697, 466, 696, 738, 562, 265, 138, 11, 424, 661, 827, 285, 69, 482, 339, 335, 48, 520, 443, 708, 679, 383, 43, 972, 203, 740, 562, 31, 734, 973, 150, 716, 573, 541, 434, 447, 172, 361, 676, 850, 737, 627, 230, 6, 859, 767, 947, 136, 974, 331, 564, 20, 795, 935, 947, 155, 140, 548, 408, 19, 289, 779, 765, 238, 920, 368, 770, 343, 987, 677, 371, 65, 188, 948, 576, 800, 213, 525, 601, 939, 506, 924, 319, 583, 626, 97, 166, 256, 263, 185, 419, 98, 150, 856, 180, 448, 81, 797, 269, 663, 820, 415, 207, 158, 460, 595, 659, 587, 245, 2, 137, 442, 969, 568, 980, 842, 996, 290, 690, 431, 872, 614, 404, 944, 842, 494, 426, 404, 406, 310, 168, 831, 122, 623, 160, 868, 228, 126, 18, 905, 789, 314, 865, 509, 220, 568, 29, 696, 272, 374, 863, 624, 960, 227, 7, 852, 610, 134, 254, 948, 578, 554, 771, 902, 391, 825, 870, 956, 481, 893, 824, 470, 718, 136, 745, 397, 828, 345, 798, 291, 499, 398, 997, 242, 843, 808, 947, 693, 497, 942, 38, 908, 743, 203, 293, 864, 104, 271, 151, 210, 131, 348, 874, 593, 160, 105, 998, 253, 287, 186, 280, 945, 372, 414, 335, 596, 525, 261, 108, 555, 558, 57, 342, 425, 484, 318, 670, 802, 120, 422, 668, 593, 873, 871, 546, 888, 807, 151, 10, 387, 366, 29, 811, 517, 976, 834, 808, 400, 944, 714, 106, 554, 212, 643, 403, 42, 900, 920, 637, 208, 412, 695, 116, 208, 91, 935, 755, 138, 236, 658, 974, 216, 849, 436, 858, 12, 523, 419, 788, 962, 102, 754, 363, 882, 864, 998, 510, 499, 213, 52, 906, 109, 433, 102, 38, 328, 115, 284, 993, 241, 788, 789, 65, 392, 150, 325, 131, 138, 715, 55, 477, 552, 425, 248, 624, 98, 175, 296, 450, 202, 650, 262, 479, 805, 670, 603, 833, 404, 431, 391, 131, 597, 491, 799, 609, 346, 860, 277, 306, 870, 980, 212, 225, 580, 25, 816, 427, 732, 26, 795, 549, 22, 49, 408, 624, 454, 644, 901, 382, 421, 796, 44, 340, 63, 654, 675, 665, 621, 747, 14, 631, 631, 835, 755, 35, 593, 412, 280, 109, 122, 156, 240, 484, 605, 260, 205, 523, 489, 76, 229, 394, 935, 459, 247, 874, 999, 156, 873, 491, 257, 813, 550, 553, 698, 391, 701, 742, 809, 49, 307, 583, 667, 597, 803, 333, 640, 533, 843, 299, 535, 238, 925, 963, 304, 863, 435, 292, 381, 744, 984, 831, 844, 304, 196, 243, 943, 164, 213, 794, 868, 245, 523, 365, 864, 586, 477, 680, 985, 639, 809, 812, 265, 391, 199, 604, 787, 416, 334, 427, 722, 41, 925, 662, 573, 15, 87, 151, 617, 560, 165, 860, 333, 140, 292, 751, 487, 638, 270, 621, 247, 14, 718, 442, 302, 527, 382, 808, 971, 653, 39, 654, 10, 400, 92, 864, 27, 678, 463, 510, 259, 378, 433, 451, 489, 835, 631, 861, 516, 524, 629, 712, 735, 560, 400, 278, 738, 60, 958, 990, 897, 888, 958, 601, 836, 186, 460, 23, 355, 435, 174, 714, 177, 161, 750, 911, 926, 867, 199, 606, 532, 52, 231, 573, 859, 756, 813, 455, 954, 612, 280, 332, 375, 131, 644, 537, 824, 98, 154, 338, 217, 252, 353, 354, 508, 740, 520, 892, 64, 657, 662, 933, 576, 711, 460, 75, 100, 456, 628, 382, 185, 868, 959, 345, 279, 142, 974, 567, 547, 314, 801, 189, 666, 671, 936, 834, 445, 724, 508, 137, 540, 720, 928, 556, 266, 514, 696, 285, 132, 193, 301, 208, 295, 43, 437, 692, 11, 167, 104, 420, 875, 269, 402, 355, 156, 92, 215, 42, 394, 760, 279, 990, 505, 757, 568, 568, 782, 785, 206, 161, 185, 232, 79, 232, 398, 631, 28, 615, 711, 892, 656, 568, 299, 383, 614, 803, 349, 666, 364, 620, 45, 102, 659, 858, 311, 741, 773, 69, 671, 436, 201, 205, 822, 678, 406, 473, 162, 990, 525, 74, 413, 878, 321, 733, 81, 768, 613, 456, 193, 490, 796, 52, 251, 292, 295, 669, 930, 591, 657, 494, 472, 722, 685, 367, 480, 70, 309, 753, 982, 464, 443, 145, 690, 889, 65, 648, 210, 136, 666, 287, 82, 730, 873, 585, 768, 691, 538, 456, 556, 278, 6, 642, 901, 352, 438, 702, 33, 249, 771, 652, 47, 376, 597, 118, 941, 174, 606, 68, 252, 146, 763, 980, 892, 218, 641, 908, 659, 62, 450, 332, 646, 62, 659, 48, 57, 229, 864, 768, 265, 10, 262, 934, 556, 81, 726, 629, 848, 981, 847, 679, 878, 621, 212, 515, 299, 248, 186, 68, 286, 877, 509, 530, 111, 958, 121, 966, 187, 50, 941, 32, 272, 660, 573, 733, 316, 753, 56, 34, 234, 828, 113, 736, 943, 971, 92, 256, 58, 763, 424, 265, 902, 591, 977, 681, 111, 135, 118, 362, 789, 918, 54, 409, 942, 800, 280, 898, 138, 336, 205, 425, 534, 73, 176, 619, 841, 89, 957, 501, 775, 59, 358, 462, 565, 963, 506, 914, 968, 895, 352, 868, 314, 719, 698, 603, 901, 795, 814, 425, 886, 730, 316, 423, 240, 851, 374, 376, 388, 560, 283, 820, 670, 793, 69, 377, 208, 194, 338, 853, 378, 64, 848, 787, 549, 47, 153, 358, 416, 301, 768, 968, 428, 171, 452, 138, 464, 410, 983, 353, 122, 931, 704, 697, 204, 713, 290, 616, 94, 438, 636, 551, 639, 231, 455, 66, 77, 208, 648, 796, 599, 357, 8, 695, 851, 10, 618, 345, 411, 734, 434, 550, 694, 661, 476, 537, 645, 14, 24, 466, 708, 951, 527, 675, 921, 100, 128, 477, 568, 304, 387, 870, 532, 574, 929, 596, 463, 179, 192, 506, 46, 510, 881, 389, 839, 752, 814, 339, 610, 653, 100, 171, 672, 721, 41, 486, 480, 425, 764, 971, 32, 930, 737, 383, 236, 588, 535, 949, 975, 779, 878, 692, 786, 534, 701, 437, 922, 916, 997, 257, 218, 617, 370, 397, 773, 677, 854, 809, 490, 105, 423, 790, 368, 843, 400, 818, 760, 672, 8, 926, 367, 93, 13, 861, 419, 587, 985, 936, 630, 732, 644, 420, 116, 208, 298, 215, 932, 206, 236, 696, 971, 638, 294, 816, 157, 650, 495, 752, 486, 622, 4, 844, 725]
Run time:0.1803574562072754
--------------------------------------------