Group: ./kplib/08SpannerWeaklyCorrelated/
----------Test case: n00050------------
Total value = 10354
Total weight: 11452
Packed items: [0, 1, 2, 3, 4, 5, 6, 7, 8, 10, 15, 16, 18, 19, 23, 24, 30, 31, 32, 33, 35, 39, 40, 46, 47]
Packed_weights: [456, 608, 340, 680, 204, 532, 680, 612, 272, 380, 456, 608, 76, 684, 684, 76, 456, 456, 456, 152, 380, 456, 608, 608, 532]
Run time:1.5352332592010498
--------------------------------------------
----------Test case: n00100------------
Total value = 20550
Total weight: 20824
Packed items: [0, 1, 5, 10, 15, 16, 18, 19, 23, 24, 30, 31, 32, 33, 35, 39, 40, 46, 47, 50, 51, 52, 56, 58, 60, 61, 62, 64, 65, 67, 68, 70, 72, 75, 77, 78, 80, 81, 82, 83, 84, 86, 89, 92, 93, 95, 96, 97]
Packed_weights: [456, 608, 532, 380, 456, 608, 76, 684, 684, 76, 456, 456, 456, 152, 380, 456, 608, 608, 532, 152, 608, 684, 532, 456, 76, 760, 152, 76, 152, 304, 456, 152, 760, 684, 380, 380, 304, 684, 456, 608, 76, 304, 608, 304, 532, 380, 608, 532]
Run time:0.14180278778076172
--------------------------------------------
----------Test case: n00200------------
Total value = 40575
Total weight: 41116
Packed items: [0, 1, 5, 10, 15, 16, 18, 19, 23, 24, 30, 31, 32, 33, 35, 39, 40, 46, 47, 50, 51, 52, 56, 58, 60, 61, 62, 64, 65, 67, 68, 70, 72, 75, 77, 78, 80, 81, 82, 83, 84, 86, 89, 91, 92, 93, 95, 96, 97, 98, 102, 106, 109, 110, 112, 116, 117, 120, 121, 122, 125, 131, 133, 134, 136, 137, 138, 139, 140, 141, 142, 143, 145, 146, 149, 151, 152, 153, 154, 156, 159, 163, 164, 165, 166, 169, 171, 172, 173, 174, 175, 178, 182, 183, 186, 193, 195]
Packed_weights: [456, 608, 532, 380, 456, 608, 76, 684, 684, 76, 456, 456, 456, 152, 380, 456, 608, 608, 532, 152, 608, 684, 532, 456, 76, 760, 152, 76, 152, 304, 456, 152, 760, 684, 380, 380, 304, 684, 456, 608, 76, 304, 608, 76, 304, 532, 380, 608, 532, 380, 380, 532, 304, 608, 76, 304, 228, 532, 684, 76, 760, 76, 608, 532, 228, 456, 380, 76, 456, 380, 380, 760, 304, 532, 532, 76, 608, 76, 456, 532, 380, 152, 228, 760, 152, 760, 684, 760, 380, 532, 532, 76, 76, 684, 304, 760, 684]
Run time:15.259546041488647
--------------------------------------------
----------Test case: n00500------------
Total value = 98713
Total weight: 100076
Packed items: [0, 5, 10, 15, 16, 18, 19, 21, 23, 24, 30, 31, 32, 33, 35, 39, 40, 46, 47, 50, 51, 52, 56, 58, 60, 61, 62, 64, 65, 67, 68, 70, 72, 75, 77, 78, 80, 81, 82, 83, 84, 86, 89, 91, 92, 93, 95, 96, 97, 98, 102, 106, 109, 110, 112, 116, 117, 120, 121, 122, 125, 131, 133, 134, 136, 137, 138, 139, 140, 141, 142, 143, 145, 146, 149, 151, 152, 153, 154, 156, 159, 163, 164, 165, 166, 169, 171, 172, 173, 174, 175, 178, 182, 183, 184, 186, 193, 195, 196, 199, 200, 202, 205, 206, 207, 212, 213, 215, 216, 219, 220, 227, 228, 229, 230, 234, 237, 238, 241, 243, 244, 246, 247, 248, 250, 251, 253, 254, 256, 257, 258, 259, 260, 262, 263, 264, 266, 268, 269, 270, 271, 273, 274, 275, 276, 277, 278, 279, 281, 283, 285, 287, 288, 289, 291, 293, 294, 299, 301, 302, 304, 305, 308, 311, 312, 314, 315, 316, 317, 318, 319, 322, 323, 324, 329, 334, 335, 336, 337, 339, 340, 341, 342, 343, 345, 346, 347, 348, 352, 356, 357, 358, 359, 360, 362, 363, 364, 366, 367, 368, 370, 373, 374, 375, 378, 379, 382, 384, 385, 387, 390, 392, 393, 394, 395, 405, 406, 408, 409, 410, 420, 421, 423, 424, 428, 429, 431, 434, 436, 437, 438, 439, 442, 443, 445, 446, 448, 450, 451, 465, 470]
Packed_weights: [456, 532, 380, 456, 608, 76, 684, 136, 684, 76, 456, 456, 456, 152, 380, 456, 608, 608, 532, 152, 608, 684, 532, 456, 76, 760, 152, 76, 152, 304, 456, 152, 760, 684, 380, 380, 304, 684, 456, 608, 76, 304, 608, 76, 304, 532, 380, 608, 532, 380, 380, 532, 304, 608, 76, 304, 228, 532, 684, 76, 760, 76, 608, 532, 228, 456, 380, 76, 456, 380, 380, 760, 304, 532, 532, 76, 608, 76, 456, 532, 380, 152, 228, 760, 152, 760, 684, 760, 380, 532, 532, 76, 76, 684, 228, 304, 760, 684, 608, 76, 456, 760, 152, 684, 76, 304, 380, 532, 456, 532, 532, 608, 608, 608, 608, 456, 532, 304, 380, 76, 532, 608, 76, 76, 684, 684, 760, 76, 684, 152, 760, 760, 380, 532, 760, 456, 684, 228, 76, 76, 76, 152, 532, 380, 760, 380, 608, 228, 608, 608, 380, 152, 532, 228, 76, 456, 608, 76, 304, 228, 456, 608, 152, 456, 532, 228, 532, 532, 456, 532, 380, 76, 608, 532, 532, 228, 380, 152, 684, 456, 760, 608, 684, 228, 76, 228, 152, 532, 304, 456, 608, 228, 152, 532, 760, 760, 304, 304, 304, 76, 152, 228, 608, 760, 760, 152, 380, 684, 152, 760, 228, 456, 228, 608, 608, 532, 532, 456, 456, 152, 456, 380, 532, 760, 608, 76, 304, 304, 152, 532, 76, 532, 228, 304, 608, 380, 532, 380, 76, 76, 304]
Run time:180.0671625137329
--------------------------------------------
----------Test case: n01000------------
Total value = 196050
Total weight: 198664
Packed items: [0, 1, 5, 10, 15, 16, 18, 19, 23, 24, 30, 31, 32, 33, 35, 39, 40, 46, 47, 50, 51, 52, 56, 58, 60, 61, 62, 64, 65, 67, 68, 70, 72, 75, 77, 78, 80, 81, 82, 83, 84, 86, 89, 91, 92, 93, 95, 96, 97, 98, 102, 106, 109, 110, 112, 116, 117, 120, 121, 122, 125, 131, 133, 134, 136, 137, 138, 139, 140, 141, 142, 143, 145, 146, 149, 151, 152, 153, 154, 156, 159, 163, 164, 165, 166, 169, 171, 172, 173, 174, 175, 178, 182, 183, 184, 186, 193, 195, 196, 199, 200, 202, 205, 206, 207, 212, 213, 215, 216, 219, 220, 227, 228, 229, 230, 234, 237, 238, 241, 243, 244, 246, 247, 248, 250, 251, 253, 254, 256, 257, 258, 259, 260, 262, 263, 264, 266, 268, 269, 270, 271, 273, 274, 275, 276, 277, 278, 279, 281, 283, 285, 287, 288, 289, 291, 293, 294, 299, 301, 302, 304, 305, 308, 311, 312, 314, 315, 316, 317, 318, 319, 322, 323, 324, 329, 334, 335, 336, 337, 339, 340, 341, 342, 343, 345, 346, 347, 348, 352, 356, 357, 358, 359, 360, 362, 363, 364, 366, 367, 368, 370, 373, 374, 375, 378, 379, 382, 384, 385, 387, 390, 392, 393, 394, 395, 405, 406, 408, 409, 410, 420, 421, 423, 424, 428, 429, 431, 434, 436, 437, 438, 439, 442, 443, 445, 446, 448, 450, 451, 453, 455, 458, 461, 462, 465, 466, 467, 468, 469, 470, 473, 474, 475, 476, 477, 479, 480, 481, 488, 489, 491, 492, 494, 495, 497, 502, 503, 506, 507, 513, 515, 518, 525, 529, 534, 535, 536, 539, 540, 541, 542, 543, 544, 545, 552, 553, 554, 556, 557, 562, 564, 567, 570, 571, 572, 573, 574, 576, 577, 578, 581, 582, 583, 584, 585, 586, 588, 589, 590, 593, 595, 596, 597, 599, 601, 607, 609, 610, 611, 613, 615, 617, 618, 619, 620, 621, 622, 623, 625, 630, 632, 634, 636, 637, 638, 639, 642, 643, 644, 646, 647, 648, 652, 654, 658, 659, 660, 661, 664, 665, 666, 670, 672, 674, 676, 681, 686, 690, 693, 694, 696, 698, 702, 705, 706, 707, 710, 711, 712, 713, 714, 715, 718, 719, 721, 722, 725, 726, 728, 731, 732, 733, 734, 736, 737, 738, 739, 742, 747, 750, 751, 752, 753, 754, 759, 760, 764, 765, 767, 768, 769, 772, 774, 777, 782, 787, 788, 791, 792, 795, 798, 799, 800, 801, 805, 807, 811, 820, 821, 823, 824, 832, 834, 837, 839, 842, 845, 846, 847, 848, 849, 853, 856, 857, 858, 859, 862, 863, 866, 867, 868, 869, 870, 873, 875, 880, 886, 889, 892, 893, 896, 898, 899, 900, 902, 903, 904, 907, 912, 913, 915, 917]
Packed_weights: [456, 608, 532, 380, 456, 608, 76, 684, 684, 76, 456, 456, 456, 152, 380, 456, 608, 608, 532, 152, 608, 684, 532, 456, 76, 760, 152, 76, 152, 304, 456, 152, 760, 684, 380, 380, 304, 684, 456, 608, 76, 304, 608, 76, 304, 532, 380, 608, 532, 380, 380, 532, 304, 608, 76, 304, 228, 532, 684, 76, 760, 76, 608, 532, 228, 456, 380, 76, 456, 380, 380, 760, 304, 532, 532, 76, 608, 76, 456, 532, 380, 152, 228, 760, 152, 760, 684, 760, 380, 532, 532, 76, 76, 684, 228, 304, 760, 684, 608, 76, 456, 760, 152, 684, 76, 304, 380, 532, 456, 532, 532, 608, 608, 608, 608, 456, 532, 304, 380, 76, 532, 608, 76, 76, 684, 684, 760, 76, 684, 152, 760, 760, 380, 532, 760, 456, 684, 228, 76, 76, 76, 152, 532, 380, 760, 380, 608, 228, 608, 608, 380, 152, 532, 228, 76, 456, 608, 76, 304, 228, 456, 608, 152, 456, 532, 228, 532, 532, 456, 532, 380, 76, 608, 532, 532, 228, 380, 152, 684, 456, 760, 608, 684, 228, 76, 228, 152, 532, 304, 456, 608, 228, 152, 532, 760, 760, 304, 304, 304, 76, 152, 228, 608, 760, 760, 152, 380, 684, 152, 760, 228, 456, 228, 608, 608, 532, 532, 456, 456, 152, 456, 380, 532, 760, 608, 76, 304, 304, 152, 532, 76, 532, 228, 304, 608, 380, 532, 380, 76, 608, 684, 532, 380, 532, 76, 228, 228, 608, 228, 304, 456, 532, 608, 380, 608, 608, 532, 456, 684, 608, 760, 532, 760, 152, 760, 152, 532, 608, 228, 608, 456, 684, 760, 760, 76, 76, 608, 76, 684, 608, 76, 456, 456, 76, 456, 304, 152, 608, 684, 684, 228, 456, 684, 532, 228, 152, 532, 684, 684, 380, 684, 304, 608, 684, 380, 304, 608, 684, 76, 684, 152, 304, 304, 76, 380, 380, 228, 304, 456, 532, 760, 76, 228, 228, 684, 684, 456, 760, 760, 304, 304, 456, 760, 380, 228, 532, 304, 532, 228, 760, 684, 608, 152, 760, 608, 760, 456, 532, 304, 532, 380, 152, 684, 608, 684, 608, 532, 532, 532, 608, 380, 228, 760, 532, 608, 76, 760, 456, 456, 380, 684, 532, 684, 76, 456, 228, 684, 456, 608, 304, 76, 684, 228, 304, 456, 304, 608, 304, 380, 380, 380, 228, 760, 152, 380, 532, 76, 228, 304, 76, 76, 152, 76, 380, 456, 532, 456, 380, 304, 228, 76, 608, 380, 380, 76, 760, 380, 456, 380, 456, 76, 304, 684, 304, 608, 380, 380, 456, 760, 76, 608, 456, 228, 456, 684, 76, 380, 608, 684, 380, 228, 304, 684, 152, 304, 456, 608, 684, 608, 684, 228, 456, 380, 456, 760, 228, 532, 532, 608, 456, 380, 456]
Run time:180.0299255847931
--------------------------------------------
----------Test case: n02000------------
Total value = 391950
Total weight: 397176
Packed items: [0, 1, 5, 10, 15, 16, 18, 19, 23, 24, 30, 31, 32, 33, 35, 39, 40, 46, 47, 50, 51, 52, 56, 58, 60, 61, 62, 64, 65, 67, 68, 70, 72, 75, 77, 78, 80, 81, 82, 83, 84, 86, 89, 91, 92, 93, 95, 96, 97, 98, 102, 106, 109, 110, 112, 116, 117, 120, 121, 122, 125, 131, 133, 134, 136, 137, 138, 139, 140, 141, 142, 143, 145, 146, 149, 151, 152, 153, 154, 156, 159, 163, 164, 165, 166, 169, 171, 172, 173, 174, 175, 178, 182, 183, 184, 186, 193, 195, 196, 199, 200, 202, 205, 206, 207, 212, 213, 215, 216, 219, 220, 227, 228, 229, 230, 234, 237, 238, 241, 243, 244, 246, 247, 248, 250, 251, 253, 254, 256, 257, 258, 259, 260, 262, 263, 264, 266, 268, 269, 270, 271, 273, 274, 275, 276, 277, 278, 279, 281, 283, 285, 287, 288, 289, 291, 293, 294, 299, 301, 302, 304, 305, 308, 311, 312, 314, 315, 316, 317, 318, 319, 322, 323, 324, 329, 334, 335, 336, 337, 339, 340, 341, 342, 343, 345, 346, 347, 348, 352, 356, 357, 358, 359, 360, 362, 363, 364, 366, 367, 368, 370, 373, 374, 375, 378, 379, 382, 384, 385, 387, 390, 392, 393, 394, 395, 405, 406, 408, 409, 410, 420, 421, 423, 424, 428, 429, 431, 434, 436, 437, 438, 439, 442, 443, 445, 446, 448, 450, 451, 453, 455, 458, 461, 462, 465, 466, 467, 468, 469, 470, 473, 474, 475, 476, 477, 479, 480, 481, 488, 489, 491, 492, 494, 495, 497, 502, 503, 506, 507, 513, 515, 518, 525, 529, 534, 535, 536, 539, 540, 541, 542, 543, 544, 545, 552, 553, 554, 556, 557, 562, 564, 567, 570, 571, 572, 573, 574, 576, 577, 578, 581, 582, 583, 584, 585, 586, 588, 589, 590, 593, 595, 596, 597, 599, 601, 607, 609, 610, 611, 613, 615, 617, 618, 619, 620, 621, 622, 623, 625, 630, 632, 634, 636, 637, 638, 639, 642, 643, 644, 646, 647, 648, 652, 654, 658, 659, 660, 661, 664, 665, 666, 670, 672, 674, 676, 681, 686, 690, 693, 694, 696, 698, 702, 705, 706, 707, 710, 711, 712, 713, 714, 715, 718, 719, 721, 722, 725, 726, 728, 731, 732, 733, 734, 736, 737, 738, 739, 742, 747, 750, 751, 752, 753, 754, 759, 760, 764, 765, 767, 768, 769, 772, 774, 777, 782, 787, 788, 791, 792, 795, 798, 799, 800, 801, 805, 807, 811, 820, 821, 823, 824, 832, 834, 837, 839, 842, 845, 846, 847, 848, 849, 853, 856, 857, 858, 859, 862, 863, 866, 867, 868, 869, 870, 873, 875, 880, 886, 889, 892, 893, 896, 898, 899, 900, 902, 903, 904, 907, 912, 913, 915, 916, 917, 918, 919, 921, 923, 924, 927, 928, 929, 930, 931, 932, 936, 937, 941, 942, 943, 944, 948, 949, 951, 952, 954, 955, 958, 962, 964, 965, 966, 972, 977, 978, 981, 982, 983, 984, 986, 987, 988, 989, 991, 992, 993, 996, 997, 999, 1007, 1010, 1013, 1014, 1015, 1016, 1018, 1021, 1023, 1024, 1025, 1028, 1030, 1032, 1033, 1035, 1039, 1041, 1044, 1046, 1047, 1050, 1053, 1055, 1056, 1057, 1058, 1059, 1060, 1061, 1062, 1065, 1066, 1070, 1072, 1074, 1075, 1076, 1077, 1080, 1082, 1084, 1085, 1089, 1091, 1092, 1093, 1096, 1100, 1101, 1105, 1106, 1109, 1110, 1113, 1114, 1115, 1118, 1119, 1121, 1123, 1124, 1127, 1129, 1135, 1136, 1138, 1139, 1143, 1145, 1146, 1148, 1150, 1151, 1152, 1157, 1158, 1159, 1160, 1161, 1162, 1166, 1168, 1169, 1171, 1173, 1176, 1177, 1178, 1180, 1182, 1184, 1185, 1188, 1189, 1190, 1192, 1194, 1196, 1200, 1201, 1204, 1205, 1207, 1210, 1212, 1214, 1221, 1222, 1223, 1226, 1228, 1229, 1232, 1233, 1234, 1235, 1237, 1244, 1246, 1247, 1249, 1250, 1253, 1254, 1256, 1257, 1260, 1266, 1267, 1269, 1270, 1271, 1272, 1273, 1275, 1276, 1277, 1278, 1279, 1281, 1283, 1284, 1289, 1290, 1291, 1293, 1296, 1297, 1299, 1301, 1302, 1303, 1304, 1305, 1307, 1309, 1312, 1314, 1318, 1320, 1321, 1323, 1329, 1330, 1332, 1335, 1339, 1340, 1341, 1346, 1347, 1349, 1353, 1354, 1355, 1357, 1360, 1361, 1365, 1366, 1368, 1369, 1370, 1371, 1372, 1373, 1374, 1375, 1376, 1378, 1379, 1381, 1382, 1385, 1386, 1387, 1392, 1393, 1394, 1395, 1397, 1400, 1401, 1403, 1404, 1406, 1408, 1409, 1410, 1416, 1417, 1418, 1419, 1422, 1423, 1427, 1428, 1429, 1430, 1435, 1436, 1437, 1439, 1445, 1447, 1449, 1451, 1452, 1453, 1454, 1461, 1469, 1470, 1473, 1476, 1477, 1480, 1481, 1482, 1483, 1485, 1488, 1490, 1492, 1494, 1496, 1497, 1499, 1500, 1503, 1508, 1511, 1515, 1516, 1517, 1520, 1522, 1523, 1524, 1528, 1529, 1531, 1533, 1535, 1536, 1537, 1538, 1541, 1544, 1546, 1547, 1549, 1552, 1553, 1554, 1558, 1559, 1562, 1564, 1566, 1567, 1570, 1571, 1572, 1575, 1577, 1579, 1581, 1585, 1586, 1587, 1590, 1591, 1597, 1599, 1600, 1603, 1604, 1606, 1607, 1608, 1609, 1612, 1616, 1625, 1626, 1628, 1629, 1630, 1631, 1633, 1634, 1635, 1637, 1640, 1641, 1642, 1645, 1648, 1649, 1651, 1653, 1656, 1659, 1660, 1662, 1663, 1664, 1666, 1669, 1672, 1676, 1677, 1679, 1680, 1683, 1684, 1686, 1689, 1691, 1692, 1694, 1695, 1697, 1700, 1705, 1707, 1709, 1710, 1713, 1718, 1719, 1721, 1722, 1725, 1726, 1727, 1729, 1730, 1735, 1739, 1741, 1742, 1743, 1745, 1747, 1750, 1752, 1753, 1756, 1757, 1759, 1760, 1763, 1764, 1765, 1769, 1771, 1773, 1774, 1776, 1777, 1779, 1780, 1781, 1782, 1783, 1788, 1789, 1793, 1797, 1798, 1800, 1803, 1804, 1808, 1813, 1814, 1818, 1824, 1825, 1831, 1834, 1835, 1836, 1837, 1839, 1843, 1846, 1847, 1849, 1851, 1852, 1856, 1858, 1864, 1865, 1869, 1877, 1881]
Packed_weights: [456, 608, 532, 380, 456, 608, 76, 684, 684, 76, 456, 456, 456, 152, 380, 456, 608, 608, 532, 152, 608, 684, 532, 456, 76, 760, 152, 76, 152, 304, 456, 152, 760, 684, 380, 380, 304, 684, 456, 608, 76, 304, 608, 76, 304, 532, 380, 608, 532, 380, 380, 532, 304, 608, 76, 304, 228, 532, 684, 76, 760, 76, 608, 532, 228, 456, 380, 76, 456, 380, 380, 760, 304, 532, 532, 76, 608, 76, 456, 532, 380, 152, 228, 760, 152, 760, 684, 760, 380, 532, 532, 76, 76, 684, 228, 304, 760, 684, 608, 76, 456, 760, 152, 684, 76, 304, 380, 532, 456, 532, 532, 608, 608, 608, 608, 456, 532, 304, 380, 76, 532, 608, 76, 76, 684, 684, 760, 76, 684, 152, 760, 760, 380, 532, 760, 456, 684, 228, 76, 76, 76, 152, 532, 380, 760, 380, 608, 228, 608, 608, 380, 152, 532, 228, 76, 456, 608, 76, 304, 228, 456, 608, 152, 456, 532, 228, 532, 532, 456, 532, 380, 76, 608, 532, 532, 228, 380, 152, 684, 456, 760, 608, 684, 228, 76, 228, 152, 532, 304, 456, 608, 228, 152, 532, 760, 760, 304, 304, 304, 76, 152, 228, 608, 760, 760, 152, 380, 684, 152, 760, 228, 456, 228, 608, 608, 532, 532, 456, 456, 152, 456, 380, 532, 760, 608, 76, 304, 304, 152, 532, 76, 532, 228, 304, 608, 380, 532, 380, 76, 608, 684, 532, 380, 532, 76, 228, 228, 608, 228, 304, 456, 532, 608, 380, 608, 608, 532, 456, 684, 608, 760, 532, 760, 152, 760, 152, 532, 608, 228, 608, 456, 684, 760, 760, 76, 76, 608, 76, 684, 608, 76, 456, 456, 76, 456, 304, 152, 608, 684, 684, 228, 456, 684, 532, 228, 152, 532, 684, 684, 380, 684, 304, 608, 684, 380, 304, 608, 684, 76, 684, 152, 304, 304, 76, 380, 380, 228, 304, 456, 532, 760, 76, 228, 228, 684, 684, 456, 760, 760, 304, 304, 456, 760, 380, 228, 532, 304, 532, 228, 760, 684, 608, 152, 760, 608, 760, 456, 532, 304, 532, 380, 152, 684, 608, 684, 608, 532, 532, 532, 608, 380, 228, 760, 532, 608, 76, 760, 456, 456, 380, 684, 532, 684, 76, 456, 228, 684, 456, 608, 304, 76, 684, 228, 304, 456, 304, 608, 304, 380, 380, 380, 228, 760, 152, 380, 532, 76, 228, 304, 76, 76, 152, 76, 380, 456, 532, 456, 380, 304, 228, 76, 608, 380, 380, 76, 760, 380, 456, 380, 456, 76, 304, 684, 304, 608, 380, 380, 456, 760, 76, 608, 456, 228, 456, 684, 76, 380, 608, 684, 380, 228, 304, 684, 152, 304, 456, 608, 684, 608, 684, 228, 456, 380, 456, 760, 228, 532, 532, 608, 456, 380, 152, 456, 684, 228, 760, 152, 228, 684, 228, 304, 456, 76, 684, 152, 760, 76, 456, 456, 152, 380, 380, 684, 228, 456, 380, 456, 152, 152, 380, 380, 684, 684, 304, 760, 76, 152, 608, 152, 760, 684, 760, 684, 684, 380, 608, 456, 152, 380, 304, 532, 684, 684, 152, 380, 608, 608, 532, 608, 76, 152, 684, 684, 760, 608, 760, 152, 456, 228, 76, 760, 304, 456, 304, 304, 456, 304, 380, 380, 152, 152, 608, 760, 76, 760, 456, 76, 152, 152, 760, 532, 152, 760, 304, 684, 760, 456, 304, 228, 532, 608, 760, 76, 228, 456, 532, 456, 380, 684, 684, 456, 380, 456, 456, 608, 456, 152, 228, 228, 228, 760, 684, 456, 608, 152, 456, 152, 76, 228, 152, 760, 456, 760, 760, 152, 380, 456, 304, 152, 456, 380, 608, 228, 456, 456, 76, 532, 76, 608, 228, 228, 228, 76, 532, 228, 456, 608, 76, 380, 228, 760, 228, 76, 760, 228, 456, 532, 608, 532, 532, 228, 608, 760, 304, 228, 228, 228, 532, 304, 380, 532, 608, 532, 456, 76, 304, 380, 456, 152, 684, 76, 760, 532, 684, 456, 532, 532, 532, 532, 152, 608, 152, 532, 380, 304, 608, 380, 76, 304, 304, 304, 608, 228, 304, 76, 456, 380, 760, 380, 76, 608, 608, 76, 532, 608, 532, 532, 532, 304, 152, 380, 76, 304, 532, 684, 76, 760, 532, 760, 380, 76, 684, 304, 684, 380, 380, 760, 228, 76, 380, 76, 608, 380, 608, 456, 456, 456, 684, 152, 608, 228, 304, 152, 380, 684, 760, 608, 228, 456, 304, 760, 760, 608, 532, 456, 228, 532, 684, 456, 76, 380, 152, 228, 608, 152, 380, 228, 228, 532, 456, 380, 76, 304, 608, 76, 304, 380, 760, 684, 684, 152, 76, 152, 304, 760, 380, 228, 228, 152, 152, 304, 684, 380, 76, 228, 608, 684, 380, 684, 304, 608, 76, 456, 608, 532, 684, 760, 532, 760, 76, 380, 608, 152, 532, 228, 152, 304, 684, 608, 304, 684, 456, 304, 532, 380, 608, 608, 684, 228, 684, 380, 380, 380, 532, 760, 76, 608, 608, 760, 304, 380, 684, 380, 760, 760, 608, 304, 456, 380, 76, 760, 760, 684, 228, 684, 684, 532, 760, 152, 532, 684, 152, 532, 608, 760, 684, 608, 684, 228, 608, 304, 304, 684, 380, 684, 684, 380, 76, 760, 456, 380, 304, 456, 76, 380, 684, 532, 76, 152, 532, 684, 380, 152, 304, 380, 684, 380, 456, 456, 304, 152, 76, 456, 608, 76, 456, 228, 532, 152, 152, 456, 760, 456, 380, 684, 304, 608, 380, 304, 456, 608, 304, 76, 304, 456, 152, 456, 76, 760, 684, 684, 760, 380, 304, 304, 304, 152, 228, 532, 532, 76, 532, 760, 684, 76, 228, 380, 760, 456]
Run time:180.05101466178894
--------------------------------------------
----------Test case: n05000------------
Total value = 964500
Total weight: 977360
Packed items: [0, 1, 5, 10, 15, 16, 18, 19, 23, 24, 30, 31, 32, 33, 35, 39, 40, 46, 47, 50, 51, 52, 56, 58, 60, 61, 62, 64, 65, 67, 68, 70, 72, 75, 77, 78, 80, 81, 82, 83, 84, 86, 89, 91, 92, 93, 95, 96, 97, 98, 102, 106, 109, 110, 112, 116, 117, 120, 121, 122, 125, 131, 133, 134, 136, 137, 138, 139, 140, 141, 142, 143, 145, 146, 149, 151, 152, 153, 154, 156, 159, 163, 164, 165, 166, 169, 171, 172, 173, 174, 175, 178, 182, 183, 184, 186, 193, 195, 196, 199, 200, 202, 205, 206, 207, 212, 213, 215, 216, 219, 220, 227, 228, 229, 230, 234, 237, 238, 241, 243, 244, 246, 247, 248, 250, 251, 253, 254, 256, 257, 258, 259, 260, 262, 263, 264, 266, 268, 269, 270, 271, 273, 274, 275, 276, 277, 278, 279, 281, 283, 285, 287, 288, 289, 291, 293, 294, 299, 301, 302, 304, 305, 308, 311, 312, 314, 315, 316, 317, 318, 319, 322, 323, 324, 329, 334, 335, 336, 337, 339, 340, 341, 342, 343, 345, 346, 347, 348, 352, 356, 357, 358, 359, 360, 362, 363, 364, 366, 367, 368, 370, 373, 374, 375, 378, 379, 382, 384, 385, 387, 390, 392, 393, 394, 395, 405, 406, 408, 409, 410, 420, 421, 423, 424, 428, 429, 431, 434, 436, 437, 438, 439, 442, 443, 445, 446, 448, 450, 451, 453, 455, 458, 461, 462, 465, 466, 467, 468, 469, 470, 473, 474, 475, 476, 477, 479, 480, 481, 488, 489, 491, 492, 494, 495, 497, 502, 503, 506, 507, 513, 515, 518, 525, 529, 534, 535, 536, 539, 540, 541, 542, 543, 544, 545, 552, 553, 554, 556, 557, 562, 564, 567, 570, 571, 572, 573, 574, 576, 577, 578, 581, 582, 583, 584, 585, 586, 588, 589, 590, 593, 595, 596, 597, 599, 601, 607, 609, 610, 611, 613, 615, 617, 618, 619, 620, 621, 622, 623, 625, 630, 632, 634, 636, 637, 638, 639, 642, 643, 644, 646, 647, 648, 652, 654, 658, 659, 660, 661, 664, 665, 666, 670, 672, 674, 676, 681, 686, 690, 693, 694, 696, 698, 702, 705, 706, 707, 710, 711, 712, 713, 714, 715, 718, 719, 721, 722, 725, 726, 728, 731, 732, 733, 734, 736, 737, 738, 739, 742, 747, 750, 751, 752, 753, 754, 759, 760, 764, 765, 767, 768, 769, 772, 774, 777, 782, 787, 788, 791, 792, 795, 798, 799, 800, 801, 805, 807, 811, 820, 821, 823, 824, 832, 834, 837, 839, 842, 845, 846, 847, 848, 849, 853, 856, 857, 858, 859, 862, 863, 866, 867, 868, 869, 870, 873, 875, 880, 886, 889, 892, 893, 896, 898, 899, 900, 902, 903, 904, 907, 912, 913, 915, 916, 917, 918, 919, 921, 923, 924, 927, 928, 929, 930, 931, 932, 936, 937, 941, 942, 943, 944, 948, 949, 951, 952, 954, 955, 958, 962, 964, 965, 966, 972, 977, 978, 981, 982, 983, 984, 986, 987, 988, 989, 991, 992, 993, 996, 997, 999, 1007, 1010, 1013, 1014, 1015, 1016, 1018, 1021, 1023, 1024, 1025, 1028, 1030, 1032, 1033, 1035, 1039, 1041, 1044, 1046, 1047, 1050, 1053, 1055, 1056, 1057, 1058, 1059, 1060, 1061, 1062, 1065, 1066, 1070, 1072, 1074, 1075, 1076, 1077, 1080, 1082, 1084, 1085, 1089, 1091, 1092, 1093, 1096, 1100, 1101, 1105, 1106, 1109, 1110, 1113, 1114, 1115, 1118, 1119, 1121, 1123, 1124, 1127, 1129, 1135, 1136, 1138, 1139, 1143, 1145, 1146, 1148, 1150, 1151, 1152, 1157, 1158, 1159, 1160, 1161, 1162, 1166, 1168, 1169, 1171, 1173, 1176, 1177, 1178, 1180, 1182, 1184, 1185, 1188, 1189, 1190, 1192, 1194, 1196, 1200, 1201, 1204, 1205, 1207, 1210, 1212, 1214, 1221, 1222, 1223, 1226, 1228, 1229, 1232, 1233, 1234, 1235, 1237, 1244, 1246, 1247, 1249, 1250, 1253, 1254, 1256, 1257, 1260, 1266, 1267, 1269, 1270, 1271, 1272, 1273, 1275, 1276, 1277, 1278, 1279, 1281, 1283, 1284, 1289, 1290, 1291, 1293, 1296, 1297, 1299, 1301, 1302, 1303, 1304, 1305, 1307, 1309, 1312, 1314, 1318, 1320, 1321, 1323, 1329, 1330, 1332, 1335, 1339, 1340, 1341, 1346, 1347, 1349, 1353, 1354, 1355, 1357, 1360, 1361, 1365, 1366, 1368, 1369, 1370, 1371, 1372, 1373, 1374, 1375, 1376, 1378, 1379, 1381, 1382, 1385, 1386, 1387, 1392, 1393, 1394, 1395, 1397, 1400, 1401, 1403, 1404, 1406, 1408, 1409, 1410, 1416, 1417, 1418, 1419, 1422, 1423, 1427, 1428, 1429, 1430, 1435, 1436, 1437, 1439, 1445, 1447, 1449, 1451, 1452, 1453, 1454, 1461, 1469, 1470, 1473, 1476, 1477, 1480, 1481, 1482, 1483, 1485, 1488, 1490, 1492, 1494, 1496, 1497, 1499, 1500, 1503, 1508, 1511, 1515, 1516, 1517, 1520, 1522, 1523, 1524, 1528, 1529, 1531, 1533, 1535, 1536, 1537, 1538, 1541, 1544, 1546, 1547, 1549, 1552, 1553, 1554, 1558, 1559, 1562, 1564, 1566, 1567, 1570, 1571, 1572, 1575, 1577, 1579, 1581, 1585, 1586, 1587, 1590, 1591, 1597, 1599, 1600, 1603, 1604, 1606, 1607, 1608, 1609, 1612, 1616, 1625, 1626, 1628, 1629, 1630, 1631, 1633, 1634, 1635, 1637, 1640, 1641, 1642, 1645, 1648, 1649, 1651, 1653, 1656, 1659, 1660, 1662, 1663, 1664, 1666, 1669, 1672, 1676, 1677, 1679, 1680, 1683, 1684, 1686, 1689, 1691, 1692, 1694, 1695, 1697, 1700, 1705, 1707, 1709, 1710, 1713, 1718, 1719, 1721, 1722, 1725, 1726, 1727, 1729, 1730, 1735, 1739, 1741, 1742, 1743, 1745, 1747, 1750, 1752, 1753, 1756, 1757, 1759, 1760, 1763, 1764, 1765, 1769, 1771, 1773, 1774, 1776, 1777, 1779, 1780, 1781, 1782, 1783, 1788, 1789, 1793, 1797, 1798, 1800, 1803, 1804, 1808, 1813, 1814, 1818, 1824, 1825, 1831, 1834, 1835, 1836, 1837, 1839, 1843, 1846, 1847, 1849, 1851, 1852, 1856, 1858, 1864, 1865, 1866, 1869, 1877, 1881, 1890, 1892, 1896, 1897, 1900, 1901, 1902, 1904, 1906, 1908, 1910, 1911, 1912, 1913, 1915, 1919, 1920, 1921, 1922, 1923, 1926, 1927, 1929, 1930, 1932, 1933, 1934, 1937, 1940, 1944, 1945, 1948, 1950, 1951, 1952, 1954, 1956, 1958, 1959, 1960, 1962, 1969, 1970, 1971, 1972, 1974, 1977, 1978, 1981, 1982, 1985, 1986, 1989, 1990, 1991, 1995, 1997, 2001, 2003, 2005, 2012, 2013, 2014, 2015, 2016, 2017, 2018, 2023, 2025, 2026, 2027, 2029, 2030, 2031, 2033, 2035, 2037, 2038, 2039, 2041, 2045, 2046, 2047, 2050, 2054, 2056, 2058, 2060, 2062, 2063, 2064, 2065, 2070, 2071, 2072, 2073, 2074, 2075, 2076, 2078, 2079, 2080, 2081, 2083, 2084, 2085, 2086, 2087, 2090, 2091, 2094, 2095, 2097, 2102, 2103, 2104, 2106, 2107, 2108, 2111, 2115, 2116, 2117, 2119, 2120, 2121, 2123, 2126, 2131, 2138, 2139, 2140, 2143, 2145, 2149, 2152, 2153, 2155, 2159, 2161, 2162, 2163, 2164, 2165, 2166, 2168, 2169, 2171, 2172, 2173, 2174, 2175, 2176, 2177, 2178, 2183, 2189, 2190, 2191, 2192, 2195, 2197, 2201, 2202, 2205, 2206, 2207, 2210, 2213, 2214, 2216, 2218, 2224, 2228, 2230, 2231, 2232, 2233, 2234, 2235, 2237, 2238, 2239, 2240, 2241, 2245, 2246, 2247, 2248, 2249, 2252, 2254, 2255, 2256, 2258, 2261, 2263, 2264, 2266, 2267, 2268, 2270, 2272, 2273, 2276, 2278, 2279, 2281, 2283, 2284, 2286, 2291, 2293, 2294, 2296, 2300, 2305, 2308, 2310, 2311, 2317, 2318, 2319, 2320, 2322, 2323, 2324, 2326, 2328, 2329, 2330, 2331, 2333, 2334, 2335, 2338, 2339, 2341, 2343, 2344, 2345, 2347, 2351, 2355, 2356, 2361, 2362, 2363, 2364, 2365, 2367, 2368, 2369, 2370, 2373, 2374, 2376, 2377, 2378, 2380, 2382, 2385, 2387, 2388, 2389, 2391, 2393, 2394, 2399, 2400, 2403, 2404, 2405, 2409, 2412, 2414, 2416, 2418, 2419, 2422, 2428, 2430, 2432, 2435, 2441, 2446, 2447, 2448, 2449, 2457, 2460, 2461, 2462, 2464, 2465, 2466, 2468, 2469, 2470, 2471, 2473, 2474, 2475, 2477, 2479, 2483, 2484, 2485, 2486, 2487, 2488, 2489, 2492, 2494, 2498, 2501, 2502, 2503, 2505, 2506, 2507, 2508, 2509, 2510, 2511, 2514, 2519, 2522, 2527, 2528, 2529, 2532, 2535, 2536, 2537, 2538, 2539, 2540, 2545, 2547, 2561, 2562, 2566, 2568, 2569, 2572, 2576, 2577, 2579, 2580, 2582, 2583, 2585, 2587, 2588, 2589, 2591, 2592, 2594, 2595, 2596, 2597, 2601, 2603, 2606, 2610, 2614, 2616, 2618, 2622, 2624, 2627, 2631, 2633, 2634, 2635, 2636, 2637, 2643, 2645, 2647, 2648, 2650, 2654, 2655, 2656, 2657, 2660, 2662, 2663, 2664, 2665, 2666, 2669, 2673, 2674, 2675, 2678, 2680, 2683, 2685, 2686, 2687, 2688, 2690, 2692, 2693, 2694, 2697, 2700, 2701, 2703, 2704, 2705, 2709, 2710, 2711, 2713, 2716, 2718, 2721, 2722, 2723, 2725, 2726, 2727, 2728, 2729, 2730, 2731, 2733, 2734, 2737, 2738, 2740, 2749, 2750, 2752, 2753, 2757, 2759, 2762, 2763, 2764, 2765, 2769, 2770, 2773, 2778, 2781, 2782, 2783, 2784, 2786, 2790, 2791, 2794, 2797, 2799, 2801, 2805, 2806, 2811, 2813, 2814, 2818, 2819, 2820, 2827, 2830, 2836, 2839, 2844, 2845, 2846, 2848, 2849, 2850, 2860, 2862, 2867, 2868, 2871, 2872, 2873, 2875, 2877, 2880, 2882, 2884, 2887, 2888, 2891, 2892, 2896, 2897, 2900, 2901, 2903, 2904, 2906, 2908, 2909, 2913, 2914, 2915, 2916, 2917, 2919, 2921, 2923, 2927, 2928, 2929, 2930, 2934, 2935, 2936, 2937, 2938, 2939, 2943, 2945, 2949, 2950, 2951, 2954, 2955, 2956, 2958, 2959, 2961, 2964, 2965, 2967, 2968, 2969, 2972, 2973, 2974, 2976, 2977, 2978, 2979, 2980, 2982, 2983, 2985, 2991, 2993, 2994, 2996, 2997, 2998, 2999, 3003, 3004, 3007, 3009, 3010, 3012, 3013, 3015, 3017, 3018, 3021, 3022, 3023, 3024, 3025, 3027, 3028, 3031, 3032, 3034, 3035, 3036, 3037, 3038, 3039, 3040, 3041, 3043, 3044, 3048, 3051, 3052, 3056, 3058, 3059, 3060, 3062, 3068, 3069, 3071, 3077, 3078, 3080, 3086, 3088, 3093, 3094, 3095, 3096, 3098, 3100, 3105, 3106, 3107, 3109, 3110, 3113, 3114, 3117, 3118, 3120, 3121, 3124, 3130, 3132, 3133, 3135, 3136, 3138, 3141, 3142, 3143, 3144, 3145, 3147, 3150, 3151, 3153, 3154, 3155, 3157, 3158, 3159, 3160, 3161, 3163, 3165, 3166, 3171, 3173, 3174, 3181, 3182, 3183, 3184, 3185, 3186, 3188, 3189, 3191, 3192, 3193, 3196, 3197, 3200, 3203, 3209, 3210, 3214, 3217, 3218, 3221, 3224, 3225, 3226, 3227, 3228, 3230, 3232, 3233, 3237, 3238, 3239, 3241, 3242, 3243, 3244, 3248, 3249, 3253, 3254, 3256, 3262, 3264, 3265, 3266, 3271, 3272, 3275, 3276, 3277, 3279, 3280, 3284, 3286, 3287, 3288, 3290, 3291, 3295, 3296, 3299, 3300, 3302, 3307, 3309, 3311, 3313, 3319, 3320, 3323, 3324, 3327, 3329, 3330, 3332, 3337, 3338, 3341, 3344, 3346, 3349, 3352, 3354, 3357, 3359, 3362, 3363, 3367, 3369, 3370, 3371, 3374, 3376, 3377, 3382, 3384, 3387, 3388, 3392, 3394, 3395, 3401, 3404, 3407, 3408, 3409, 3410, 3411, 3413, 3415, 3416, 3418, 3419, 3422, 3423, 3424, 3425, 3426, 3427, 3434, 3436, 3437, 3445, 3446, 3450, 3453, 3454, 3455, 3459, 3460, 3461, 3463, 3465, 3466, 3467, 3469, 3472, 3473, 3475, 3476, 3477, 3481, 3483, 3485, 3488, 3489, 3492, 3495, 3496, 3497, 3501, 3502, 3506, 3508, 3509, 3511, 3512, 3518, 3519, 3520, 3521, 3524, 3525, 3526, 3530, 3532, 3533, 3535, 3539, 3540, 3541, 3543, 3544, 3548, 3549, 3550, 3554, 3558, 3559, 3560, 3561, 3564, 3565, 3568, 3570, 3571, 3572, 3573, 3575, 3576, 3578, 3579, 3580, 3582, 3584, 3585, 3586, 3587, 3592, 3593, 3594, 3599, 3602, 3605, 3607, 3608, 3609, 3611, 3612, 3613, 3616, 3619, 3621, 3622, 3625, 3626, 3627, 3628, 3633, 3635, 3638, 3639, 3641, 3642, 3646, 3647, 3649, 3650, 3651, 3655, 3659, 3660, 3663, 3667, 3668, 3669, 3670, 3672, 3673, 3674, 3675, 3677, 3679, 3680, 3681, 3683, 3687, 3688, 3693, 3695, 3699, 3700, 3703, 3704, 3706, 3708, 3712, 3719, 3722, 3729, 3732, 3734, 3736, 3737, 3740, 3741, 3744, 3746, 3752, 3754, 3756, 3757, 3758, 3759, 3762, 3763, 3766, 3768, 3773, 3774, 3777, 3778, 3779, 3781, 3784, 3788, 3789, 3790, 3791, 3795, 3797, 3798, 3799, 3800, 3802, 3804, 3806, 3807, 3808, 3809, 3813, 3817, 3819, 3823, 3824, 3825, 3827, 3830, 3831, 3833, 3834, 3836, 3837, 3838, 3840, 3841, 3844, 3845, 3846, 3848, 3850, 3851, 3853, 3854, 3855, 3856, 3858, 3859, 3860, 3864, 3865, 3869, 3870, 3871, 3872, 3874, 3875, 3876, 3878, 3881, 3883, 3884, 3885, 3891, 3892, 3896, 3898, 3900, 3902, 3903, 3908, 3915, 3916, 3917, 3918, 3921, 3922, 3926, 3927, 3928, 3930, 3933, 3934, 3938, 3941, 3942, 3943, 3945, 3946, 3947, 3949, 3952, 3953, 3955, 3957, 3960, 3963, 3964, 3966, 3968, 3969, 3971, 3972, 3974, 3975, 3976, 3977, 3978, 3981, 3983, 3985, 3989, 3991, 3992, 3993, 3994, 3995, 3996, 3998, 3999, 4006, 4007, 4008, 4010, 4011, 4014, 4022, 4023, 4025, 4029, 4032, 4033, 4036, 4037, 4038, 4040, 4042, 4043, 4045, 4048, 4051, 4052, 4057, 4059, 4060, 4062, 4063, 4065, 4068, 4069, 4073, 4075, 4078, 4079, 4081, 4082, 4084, 4088, 4092, 4093, 4094, 4095, 4097, 4101, 4103, 4104, 4108, 4111, 4114, 4115, 4117, 4118, 4119, 4123, 4124, 4125, 4126, 4127, 4128, 4129, 4131, 4132, 4134, 4135, 4136, 4138, 4139, 4141, 4142, 4149, 4150, 4152, 4153, 4154, 4161, 4163, 4164, 4166, 4167, 4170, 4171, 4172, 4177, 4178, 4179, 4182, 4183, 4186, 4187, 4190, 4192, 4195, 4199, 4201, 4202, 4207, 4209, 4211, 4212, 4217, 4220, 4221, 4224, 4225, 4238, 4240, 4241, 4242, 4243, 4244, 4245, 4249, 4253, 4256, 4258, 4259, 4260, 4261, 4262, 4263, 4269, 4273, 4274, 4275, 4277, 4284, 4285, 4286, 4287, 4288, 4289, 4292, 4293, 4294, 4295, 4296, 4303, 4304, 4305, 4306, 4307, 4308, 4310, 4311, 4316, 4317, 4318, 4322, 4323, 4324, 4325, 4328, 4329, 4332, 4333, 4334, 4337, 4338, 4340, 4343, 4344, 4345, 4346, 4348, 4349, 4351, 4352, 4353, 4357, 4361, 4362, 4364, 4366, 4370, 4372, 4374, 4375, 4376, 4377, 4378, 4379, 4380, 4385, 4390, 4393, 4396, 4397, 4401, 4406, 4408, 4410, 4411, 4414, 4416, 4417, 4418, 4421, 4422, 4423, 4426, 4427, 4428, 4429, 4432, 4434, 4436, 4437, 4440, 4442, 4443, 4444, 4447, 4448, 4449, 4450, 4458, 4459, 4462, 4465, 4467, 4471, 4475, 4482, 4484, 4485, 4488, 4490, 4491, 4492, 4497, 4499, 4501, 4503, 4505, 4507, 4508, 4510, 4512, 4514, 4517, 4518, 4520, 4522, 4523, 4526, 4529, 4530, 4532, 4533, 4534, 4535, 4538, 4540, 4542, 4543, 4545, 4546, 4547, 4549, 4550, 4554, 4555, 4557, 4558, 4561, 4562, 4563, 4564, 4565, 4566, 4568, 4571, 4574, 4575, 4576, 4579, 4580, 4584, 4585, 4588, 4591, 4593, 4594, 4596, 4598, 4599, 4601, 4602, 4603, 4604, 4605, 4608, 4610, 4611, 4612, 4613, 4615, 4618, 4620, 4621, 4624, 4626, 4627, 4628, 4629, 4630, 4633, 4634, 4635, 4637, 4640, 4641, 4643, 4646, 4648, 4649, 4654, 4655, 4657, 4658, 4660, 4661, 4663, 4664, 4665, 4667, 4668, 4669, 4671, 4674, 4675, 4678, 4683, 4684, 4685, 4686, 4691, 4692, 4693, 4694, 4696, 4697, 4700, 4701, 4704, 4706, 4708, 4711, 4712, 4713, 4716, 4717, 4718, 4719, 4720, 4722, 4724, 4725, 4731]
Packed_weights: [456, 608, 532, 380, 456, 608, 76, 684, 684, 76, 456, 456, 456, 152, 380, 456, 608, 608, 532, 152, 608, 684, 532, 456, 76, 760, 152, 76, 152, 304, 456, 152, 760, 684, 380, 380, 304, 684, 456, 608, 76, 304, 608, 76, 304, 532, 380, 608, 532, 380, 380, 532, 304, 608, 76, 304, 228, 532, 684, 76, 760, 76, 608, 532, 228, 456, 380, 76, 456, 380, 380, 760, 304, 532, 532, 76, 608, 76, 456, 532, 380, 152, 228, 760, 152, 760, 684, 760, 380, 532, 532, 76, 76, 684, 228, 304, 760, 684, 608, 76, 456, 760, 152, 684, 76, 304, 380, 532, 456, 532, 532, 608, 608, 608, 608, 456, 532, 304, 380, 76, 532, 608, 76, 76, 684, 684, 760, 76, 684, 152, 760, 760, 380, 532, 760, 456, 684, 228, 76, 76, 76, 152, 532, 380, 760, 380, 608, 228, 608, 608, 380, 152, 532, 228, 76, 456, 608, 76, 304, 228, 456, 608, 152, 456, 532, 228, 532, 532, 456, 532, 380, 76, 608, 532, 532, 228, 380, 152, 684, 456, 760, 608, 684, 228, 76, 228, 152, 532, 304, 456, 608, 228, 152, 532, 760, 760, 304, 304, 304, 76, 152, 228, 608, 760, 760, 152, 380, 684, 152, 760, 228, 456, 228, 608, 608, 532, 532, 456, 456, 152, 456, 380, 532, 760, 608, 76, 304, 304, 152, 532, 76, 532, 228, 304, 608, 380, 532, 380, 76, 608, 684, 532, 380, 532, 76, 228, 228, 608, 228, 304, 456, 532, 608, 380, 608, 608, 532, 456, 684, 608, 760, 532, 760, 152, 760, 152, 532, 608, 228, 608, 456, 684, 760, 760, 76, 76, 608, 76, 684, 608, 76, 456, 456, 76, 456, 304, 152, 608, 684, 684, 228, 456, 684, 532, 228, 152, 532, 684, 684, 380, 684, 304, 608, 684, 380, 304, 608, 684, 76, 684, 152, 304, 304, 76, 380, 380, 228, 304, 456, 532, 760, 76, 228, 228, 684, 684, 456, 760, 760, 304, 304, 456, 760, 380, 228, 532, 304, 532, 228, 760, 684, 608, 152, 760, 608, 760, 456, 532, 304, 532, 380, 152, 684, 608, 684, 608, 532, 532, 532, 608, 380, 228, 760, 532, 608, 76, 760, 456, 456, 380, 684, 532, 684, 76, 456, 228, 684, 456, 608, 304, 76, 684, 228, 304, 456, 304, 608, 304, 380, 380, 380, 228, 760, 152, 380, 532, 76, 228, 304, 76, 76, 152, 76, 380, 456, 532, 456, 380, 304, 228, 76, 608, 380, 380, 76, 760, 380, 456, 380, 456, 76, 304, 684, 304, 608, 380, 380, 456, 760, 76, 608, 456, 228, 456, 684, 76, 380, 608, 684, 380, 228, 304, 684, 152, 304, 456, 608, 684, 608, 684, 228, 456, 380, 456, 760, 228, 532, 532, 608, 456, 380, 152, 456, 684, 228, 760, 152, 228, 684, 228, 304, 456, 76, 684, 152, 760, 76, 456, 456, 152, 380, 380, 684, 228, 456, 380, 456, 152, 152, 380, 380, 684, 684, 304, 760, 76, 152, 608, 152, 760, 684, 760, 684, 684, 380, 608, 456, 152, 380, 304, 532, 684, 684, 152, 380, 608, 608, 532, 608, 76, 152, 684, 684, 760, 608, 760, 152, 456, 228, 76, 760, 304, 456, 304, 304, 456, 304, 380, 380, 152, 152, 608, 760, 76, 760, 456, 76, 152, 152, 760, 532, 152, 760, 304, 684, 760, 456, 304, 228, 532, 608, 760, 76, 228, 456, 532, 456, 380, 684, 684, 456, 380, 456, 456, 608, 456, 152, 228, 228, 228, 760, 684, 456, 608, 152, 456, 152, 76, 228, 152, 760, 456, 760, 760, 152, 380, 456, 304, 152, 456, 380, 608, 228, 456, 456, 76, 532, 76, 608, 228, 228, 228, 76, 532, 228, 456, 608, 76, 380, 228, 760, 228, 76, 760, 228, 456, 532, 608, 532, 532, 228, 608, 760, 304, 228, 228, 228, 532, 304, 380, 532, 608, 532, 456, 76, 304, 380, 456, 152, 684, 76, 760, 532, 684, 456, 532, 532, 532, 532, 152, 608, 152, 532, 380, 304, 608, 380, 76, 304, 304, 304, 608, 228, 304, 76, 456, 380, 760, 380, 76, 608, 608, 76, 532, 608, 532, 532, 532, 304, 152, 380, 76, 304, 532, 684, 76, 760, 532, 760, 380, 76, 684, 304, 684, 380, 380, 760, 228, 76, 380, 76, 608, 380, 608, 456, 456, 456, 684, 152, 608, 228, 304, 152, 380, 684, 760, 608, 228, 456, 304, 760, 760, 608, 532, 456, 228, 532, 684, 456, 76, 380, 152, 228, 608, 152, 380, 228, 228, 532, 456, 380, 76, 304, 608, 76, 304, 380, 760, 684, 684, 152, 76, 152, 304, 760, 380, 228, 228, 152, 152, 304, 684, 380, 76, 228, 608, 684, 380, 684, 304, 608, 76, 456, 608, 532, 684, 760, 532, 760, 76, 380, 608, 152, 532, 228, 152, 304, 684, 608, 304, 684, 456, 304, 532, 380, 608, 608, 684, 228, 684, 380, 380, 380, 532, 760, 76, 608, 608, 760, 304, 380, 684, 380, 760, 760, 608, 304, 456, 380, 76, 760, 760, 684, 228, 684, 684, 532, 760, 152, 532, 684, 152, 532, 608, 760, 684, 608, 684, 228, 608, 304, 304, 684, 380, 684, 684, 380, 76, 760, 456, 380, 304, 456, 76, 380, 684, 532, 76, 152, 532, 684, 380, 152, 304, 380, 684, 380, 456, 456, 304, 152, 76, 456, 608, 76, 456, 228, 532, 152, 152, 456, 760, 456, 380, 684, 304, 608, 380, 304, 456, 608, 304, 76, 304, 456, 152, 456, 76, 760, 684, 684, 760, 380, 304, 304, 304, 152, 228, 532, 532, 76, 532, 760, 684, 76, 228, 152, 380, 760, 456, 76, 760, 380, 380, 228, 76, 228, 608, 380, 152, 304, 532, 228, 456, 532, 228, 76, 304, 684, 380, 380, 532, 456, 152, 684, 76, 304, 532, 456, 380, 152, 228, 760, 760, 456, 760, 380, 608, 760, 608, 304, 532, 152, 228, 380, 152, 684, 228, 228, 152, 760, 532, 684, 380, 380, 228, 608, 228, 760, 532, 684, 608, 608, 684, 608, 380, 760, 608, 152, 152, 152, 152, 760, 228, 304, 456, 456, 304, 380, 152, 684, 76, 304, 684, 380, 532, 152, 608, 760, 684, 684, 456, 456, 228, 760, 380, 76, 152, 760, 76, 152, 152, 608, 380, 532, 152, 380, 532, 684, 380, 532, 684, 760, 456, 76, 532, 304, 608, 304, 608, 380, 152, 152, 228, 456, 76, 380, 380, 76, 760, 684, 228, 304, 152, 456, 684, 304, 380, 76, 456, 684, 152, 608, 532, 532, 380, 456, 532, 532, 304, 684, 532, 456, 304, 380, 456, 152, 76, 380, 608, 684, 76, 532, 304, 76, 304, 228, 684, 608, 76, 304, 304, 684, 456, 228, 152, 228, 76, 532, 152, 228, 304, 76, 76, 608, 608, 152, 228, 228, 532, 456, 684, 532, 532, 684, 380, 532, 380, 76, 684, 608, 380, 76, 228, 380, 304, 76, 380, 684, 532, 228, 228, 304, 608, 532, 76, 76, 76, 608, 76, 532, 456, 228, 76, 456, 760, 760, 76, 608, 608, 76, 684, 760, 228, 608, 532, 152, 760, 608, 684, 304, 76, 76, 684, 684, 608, 380, 684, 304, 456, 608, 304, 152, 684, 76, 304, 760, 152, 152, 304, 532, 76, 532, 380, 76, 456, 684, 532, 532, 76, 760, 152, 456, 380, 684, 684, 76, 76, 380, 608, 608, 760, 304, 380, 304, 532, 152, 228, 760, 608, 760, 152, 760, 152, 228, 760, 684, 76, 532, 76, 532, 380, 532, 760, 532, 76, 608, 456, 152, 456, 304, 608, 380, 532, 228, 152, 532, 304, 760, 760, 76, 760, 380, 532, 760, 608, 76, 304, 456, 380, 456, 532, 456, 760, 684, 608, 456, 760, 532, 304, 532, 684, 456, 608, 380, 152, 152, 380, 76, 456, 532, 760, 760, 456, 228, 608, 152, 532, 532, 76, 76, 760, 76, 76, 380, 228, 152, 152, 380, 684, 380, 532, 608, 456, 380, 684, 684, 152, 760, 76, 76, 304, 380, 456, 532, 532, 228, 76, 76, 760, 76, 76, 456, 532, 76, 684, 152, 684, 684, 152, 228, 532, 380, 76, 456, 760, 304, 76, 228, 760, 608, 532, 456, 760, 456, 228, 684, 684, 380, 532, 380, 228, 684, 228, 608, 152, 228, 760, 304, 456, 684, 304, 228, 76, 684, 532, 228, 304, 304, 304, 304, 76, 684, 456, 76, 152, 304, 684, 152, 760, 76, 76, 532, 152, 152, 304, 760, 304, 380, 380, 456, 304, 532, 228, 152, 760, 684, 76, 684, 684, 532, 152, 684, 684, 760, 456, 684, 380, 152, 380, 684, 304, 608, 380, 760, 152, 76, 684, 304, 532, 380, 532, 456, 684, 76, 608, 228, 152, 456, 76, 304, 456, 228, 456, 304, 456, 76, 228, 760, 760, 380, 684, 532, 380, 228, 760, 152, 76, 684, 380, 684, 380, 532, 76, 304, 76, 456, 608, 304, 684, 684, 760, 304, 304, 608, 228, 456, 152, 152, 76, 760, 76, 380, 76, 380, 456, 152, 608, 304, 380, 76, 152, 304, 152, 760, 76, 76, 380, 228, 760, 532, 456, 304, 532, 684, 760, 456, 760, 228, 76, 304, 532, 760, 608, 456, 456, 228, 228, 228, 76, 228, 684, 608, 608, 152, 760, 304, 380, 228, 152, 76, 684, 152, 760, 456, 152, 684, 228, 760, 608, 532, 456, 380, 532, 76, 760, 380, 532, 152, 760, 684, 76, 456, 684, 304, 152, 532, 304, 304, 532, 684, 456, 380, 684, 380, 684, 456, 76, 456, 380, 760, 532, 684, 380, 152, 456, 684, 684, 76, 532, 304, 380, 228, 304, 76, 684, 152, 152, 228, 380, 76, 608, 760, 228, 760, 380, 684, 152, 684, 304, 456, 608, 760, 228, 304, 532, 684, 456, 228, 304, 456, 304, 228, 684, 304, 760, 684, 228, 532, 608, 152, 152, 760, 760, 532, 76, 304, 380, 456, 228, 608, 76, 456, 608, 532, 684, 304, 304, 760, 152, 304, 608, 456, 608, 76, 608, 304, 532, 608, 608, 228, 532, 380, 456, 456, 228, 76, 684, 532, 760, 76, 76, 152, 456, 380, 228, 304, 532, 456, 532, 228, 456, 760, 760, 228, 456, 304, 304, 760, 532, 760, 304, 608, 152, 152, 532, 760, 684, 608, 684, 228, 152, 608, 760, 456, 228, 304, 760, 304, 380, 304, 684, 456, 684, 380, 456, 76, 456, 76, 76, 152, 532, 532, 532, 456, 228, 152, 304, 76, 76, 684, 456, 760, 532, 608, 456, 304, 760, 456, 380, 152, 532, 152, 608, 76, 608, 532, 380, 76, 304, 532, 608, 760, 228, 380, 684, 456, 380, 152, 532, 380, 532, 76, 608, 456, 152, 456, 456, 228, 76, 760, 304, 684, 684, 380, 608, 304, 228, 456, 760, 228, 380, 304, 380, 532, 76, 380, 456, 684, 76, 304, 76, 76, 608, 760, 684, 760, 228, 380, 532, 228, 608, 532, 532, 684, 380, 380, 684, 684, 380, 228, 380, 608, 684, 304, 456, 76, 228, 456, 456, 304, 380, 456, 304, 684, 760, 304, 532, 380, 380, 456, 76, 684, 456, 380, 152, 760, 684, 380, 380, 608, 532, 684, 684, 76, 152, 304, 684, 152, 608, 532, 152, 532, 76, 152, 532, 152, 76, 380, 608, 152, 76, 152, 760, 608, 380, 684, 684, 760, 684, 380, 684, 532, 684, 456, 760, 304, 532, 684, 760, 228, 152, 228, 456, 684, 532, 76, 152, 228, 608, 152, 152, 532, 76, 684, 532, 380, 152, 456, 608, 456, 228, 228, 760, 76, 760, 76, 380, 608, 380, 152, 380, 76, 456, 608, 152, 380, 152, 152, 304, 684, 456, 152, 608, 228, 760, 380, 380, 380, 608, 304, 380, 684, 304, 76, 380, 684, 684, 608, 76, 304, 152, 456, 532, 760, 76, 76, 684, 532, 760, 304, 456, 532, 532, 76, 760, 76, 456, 760, 76, 760, 380, 684, 760, 76, 760, 228, 304, 760, 228, 456, 684, 608, 76, 608, 304, 456, 684, 228, 456, 532, 760, 380, 76, 532, 152, 608, 304, 608, 456, 684, 304, 380, 304, 76, 152, 228, 152, 760, 608, 380, 304, 380, 760, 608, 608, 304, 532, 684, 304, 684, 456, 608, 304, 152, 76, 456, 76, 684, 608, 532, 76, 152, 608, 608, 760, 76, 684, 152, 304, 76, 760, 456, 228, 760, 304, 456, 456, 532, 76, 684, 456, 152, 684, 456, 532, 684, 456, 608, 760, 760, 608, 380, 152, 76, 304, 532, 228, 380, 532, 760, 228, 228, 228, 380, 760, 760, 760, 304, 304, 228, 532, 532, 760, 304, 380, 608, 380, 760, 228, 152, 684, 380, 76, 608, 380, 532, 380, 152, 456, 304, 304, 608, 228, 228, 380, 152, 380, 228, 684, 304, 76, 304, 532, 152, 760, 608, 760, 152, 304, 760, 684, 76, 76, 608, 456, 76, 684, 684, 456, 684, 76, 304, 684, 152, 456, 760, 684, 608, 608, 456, 228, 228, 228, 608, 532, 380, 304, 304, 684, 152, 380, 684, 76, 684, 380, 456, 228, 304, 228, 228, 228, 304, 304, 76, 304, 76, 684, 608, 760, 228, 684, 608, 532, 380, 152, 532, 532, 228, 608, 76, 608, 380, 76, 152, 228, 304, 456, 532, 304, 304, 152, 684, 380, 228, 152, 608, 228, 76, 76, 228, 380, 684, 456, 304, 304, 228, 608, 608, 152, 456, 152, 608, 532, 228, 684, 760, 380, 228, 760, 152, 380, 380, 608, 760, 76, 152, 760, 532, 380, 532, 608, 608, 608, 152, 608, 152, 456, 456, 152, 76, 760, 608, 456, 684, 304, 228, 76, 228, 152, 76, 304, 304, 304, 380, 380, 608, 152, 152, 380, 228, 228, 532, 228, 456, 304, 760, 76, 152, 152, 380, 760, 228, 608, 228, 684, 684, 532, 152, 684, 608, 152, 684, 760, 304, 76, 380, 380, 228, 456, 76, 608, 608, 608, 380, 304, 608, 76, 304, 760, 608, 152, 684, 608, 608, 608, 456, 76, 608, 456, 684, 152, 228, 304, 76, 456, 684, 684, 304, 152, 760, 76, 228, 608, 152, 304, 304, 228, 304, 304, 304, 380, 380, 532, 76, 608, 608, 76, 228, 152, 152, 304, 760, 380, 304, 684, 532, 76, 532, 608, 304, 228, 380, 304, 304, 456, 228, 456, 380, 532, 228, 152, 456, 456, 760]
Run time:180.02012729644775
--------------------------------------------
----------Test case: n10000------------
Total value = 1947450
Total weight: 1973416
Packed items: [0, 1, 5, 10, 15, 16, 18, 19, 23, 24, 30, 31, 32, 33, 35, 39, 40, 46, 47, 50, 51, 52, 56, 58, 60, 61, 62, 64, 65, 67, 68, 70, 72, 75, 77, 78, 80, 81, 82, 83, 84, 86, 89, 91, 92, 93, 95, 96, 97, 98, 102, 106, 109, 110, 112, 116, 117, 120, 121, 122, 125, 131, 133, 134, 136, 137, 138, 139, 140, 141, 142, 143, 145, 146, 149, 151, 152, 153, 154, 156, 159, 163, 164, 165, 166, 169, 171, 172, 173, 174, 175, 178, 182, 183, 184, 186, 193, 195, 196, 199, 200, 202, 205, 206, 207, 212, 213, 215, 216, 219, 220, 227, 228, 229, 230, 234, 237, 238, 241, 243, 244, 246, 247, 248, 250, 251, 253, 254, 256, 257, 258, 259, 260, 262, 263, 264, 266, 268, 269, 270, 271, 273, 274, 275, 276, 277, 278, 279, 281, 283, 285, 287, 288, 289, 291, 293, 294, 299, 301, 302, 304, 305, 308, 311, 312, 314, 315, 316, 317, 318, 319, 322, 323, 324, 329, 334, 335, 336, 337, 339, 340, 341, 342, 343, 345, 346, 347, 348, 352, 356, 357, 358, 359, 360, 362, 363, 364, 366, 367, 368, 370, 373, 374, 375, 378, 379, 382, 384, 385, 387, 390, 392, 393, 394, 395, 405, 406, 408, 409, 410, 420, 421, 423, 424, 428, 429, 431, 434, 436, 437, 438, 439, 442, 443, 445, 446, 448, 450, 451, 453, 455, 458, 461, 462, 465, 466, 467, 468, 469, 470, 473, 474, 475, 476, 477, 479, 480, 481, 488, 489, 491, 492, 494, 495, 497, 502, 503, 506, 507, 513, 515, 518, 525, 529, 534, 535, 536, 539, 540, 541, 542, 543, 544, 545, 552, 553, 554, 556, 557, 562, 564, 567, 570, 571, 572, 573, 574, 576, 577, 578, 581, 582, 583, 584, 585, 586, 588, 589, 590, 593, 595, 596, 597, 599, 601, 607, 609, 610, 611, 613, 615, 617, 618, 619, 620, 621, 622, 623, 625, 630, 632, 634, 636, 637, 638, 639, 642, 643, 644, 646, 647, 648, 652, 654, 658, 659, 660, 661, 664, 665, 666, 670, 672, 674, 676, 681, 686, 690, 693, 694, 696, 698, 702, 705, 706, 707, 710, 711, 712, 713, 714, 715, 718, 719, 721, 722, 725, 726, 728, 731, 732, 733, 734, 736, 737, 738, 739, 742, 747, 750, 751, 752, 753, 754, 759, 760, 764, 765, 767, 768, 769, 772, 774, 777, 782, 787, 788, 791, 792, 795, 798, 799, 800, 801, 805, 807, 811, 820, 821, 823, 824, 832, 834, 837, 839, 842, 845, 846, 847, 848, 849, 853, 856, 857, 858, 859, 862, 863, 866, 867, 868, 869, 870, 873, 875, 880, 886, 889, 892, 893, 896, 898, 899, 900, 902, 903, 904, 907, 912, 913, 915, 916, 917, 918, 919, 921, 923, 924, 927, 928, 929, 930, 931, 932, 936, 937, 941, 942, 943, 944, 948, 949, 951, 952, 954, 955, 958, 962, 964, 965, 966, 972, 977, 978, 981, 982, 983, 984, 986, 987, 988, 989, 991, 992, 993, 996, 997, 999, 1007, 1010, 1013, 1014, 1015, 1016, 1018, 1021, 1023, 1024, 1025, 1028, 1030, 1032, 1033, 1035, 1039, 1041, 1044, 1046, 1047, 1050, 1053, 1055, 1056, 1057, 1058, 1059, 1060, 1061, 1062, 1065, 1066, 1070, 1072, 1074, 1075, 1076, 1077, 1080, 1082, 1084, 1085, 1089, 1091, 1092, 1093, 1096, 1100, 1101, 1105, 1106, 1109, 1110, 1113, 1114, 1115, 1118, 1119, 1121, 1123, 1124, 1127, 1129, 1135, 1136, 1138, 1139, 1143, 1145, 1146, 1148, 1150, 1151, 1152, 1157, 1158, 1159, 1160, 1161, 1162, 1166, 1168, 1169, 1171, 1173, 1176, 1177, 1178, 1180, 1182, 1184, 1185, 1188, 1189, 1190, 1192, 1194, 1196, 1200, 1201, 1204, 1205, 1207, 1210, 1212, 1214, 1221, 1222, 1223, 1226, 1228, 1229, 1232, 1233, 1234, 1235, 1237, 1244, 1246, 1247, 1249, 1250, 1253, 1254, 1256, 1257, 1260, 1266, 1267, 1269, 1270, 1271, 1272, 1273, 1275, 1276, 1277, 1278, 1279, 1281, 1283, 1284, 1289, 1290, 1291, 1293, 1296, 1297, 1299, 1301, 1302, 1303, 1304, 1305, 1307, 1309, 1312, 1314, 1318, 1320, 1321, 1323, 1329, 1330, 1332, 1335, 1339, 1340, 1341, 1346, 1347, 1349, 1353, 1354, 1355, 1357, 1360, 1361, 1365, 1366, 1368, 1369, 1370, 1371, 1372, 1373, 1374, 1375, 1376, 1378, 1379, 1381, 1382, 1385, 1386, 1387, 1392, 1393, 1394, 1395, 1397, 1400, 1401, 1403, 1404, 1406, 1408, 1409, 1410, 1416, 1417, 1418, 1419, 1422, 1423, 1427, 1428, 1429, 1430, 1435, 1436, 1437, 1439, 1445, 1447, 1449, 1451, 1452, 1453, 1454, 1461, 1469, 1470, 1473, 1476, 1477, 1480, 1481, 1482, 1483, 1485, 1488, 1490, 1492, 1494, 1496, 1497, 1499, 1500, 1503, 1508, 1511, 1515, 1516, 1517, 1520, 1522, 1523, 1524, 1528, 1529, 1531, 1533, 1535, 1536, 1537, 1538, 1541, 1544, 1546, 1547, 1549, 1552, 1553, 1554, 1558, 1559, 1562, 1564, 1566, 1567, 1570, 1571, 1572, 1575, 1577, 1579, 1581, 1585, 1586, 1587, 1590, 1591, 1597, 1599, 1600, 1603, 1604, 1606, 1607, 1608, 1609, 1612, 1616, 1625, 1626, 1628, 1629, 1630, 1631, 1633, 1634, 1635, 1637, 1640, 1641, 1642, 1645, 1648, 1649, 1651, 1653, 1656, 1659, 1660, 1662, 1663, 1664, 1666, 1669, 1672, 1676, 1677, 1679, 1680, 1683, 1684, 1686, 1689, 1691, 1692, 1694, 1695, 1697, 1700, 1705, 1707, 1709, 1710, 1713, 1718, 1719, 1721, 1722, 1725, 1726, 1727, 1729, 1730, 1735, 1739, 1741, 1742, 1743, 1745, 1747, 1750, 1752, 1753, 1756, 1757, 1759, 1760, 1763, 1764, 1765, 1769, 1771, 1773, 1774, 1776, 1777, 1779, 1780, 1781, 1782, 1783, 1788, 1789, 1793, 1797, 1798, 1800, 1803, 1804, 1808, 1813, 1814, 1818, 1824, 1825, 1831, 1834, 1835, 1836, 1837, 1839, 1843, 1846, 1847, 1849, 1851, 1852, 1856, 1858, 1864, 1865, 1866, 1869, 1877, 1881, 1890, 1892, 1896, 1897, 1900, 1901, 1902, 1904, 1906, 1908, 1910, 1911, 1912, 1913, 1915, 1919, 1920, 1921, 1922, 1923, 1926, 1927, 1929, 1930, 1932, 1933, 1934, 1937, 1940, 1944, 1945, 1948, 1950, 1951, 1952, 1954, 1956, 1958, 1959, 1960, 1962, 1969, 1970, 1971, 1972, 1974, 1977, 1978, 1981, 1982, 1985, 1986, 1989, 1990, 1991, 1995, 1997, 2001, 2003, 2005, 2012, 2013, 2014, 2015, 2016, 2017, 2018, 2023, 2025, 2026, 2027, 2029, 2030, 2031, 2033, 2035, 2037, 2038, 2039, 2041, 2045, 2046, 2047, 2050, 2054, 2056, 2058, 2060, 2062, 2063, 2064, 2065, 2070, 2071, 2072, 2073, 2074, 2075, 2076, 2078, 2079, 2080, 2081, 2083, 2084, 2085, 2086, 2087, 2090, 2091, 2094, 2095, 2097, 2102, 2103, 2104, 2106, 2107, 2108, 2111, 2115, 2116, 2117, 2119, 2120, 2121, 2123, 2126, 2131, 2138, 2139, 2140, 2143, 2145, 2149, 2152, 2153, 2155, 2159, 2161, 2162, 2163, 2164, 2165, 2166, 2168, 2169, 2171, 2172, 2173, 2174, 2175, 2176, 2177, 2178, 2183, 2189, 2190, 2191, 2192, 2195, 2197, 2201, 2202, 2205, 2206, 2207, 2210, 2213, 2214, 2216, 2218, 2224, 2228, 2230, 2231, 2232, 2233, 2234, 2235, 2237, 2238, 2239, 2240, 2241, 2245, 2246, 2247, 2248, 2249, 2252, 2254, 2255, 2256, 2258, 2261, 2263, 2264, 2266, 2267, 2268, 2270, 2272, 2273, 2276, 2278, 2279, 2281, 2283, 2284, 2286, 2291, 2293, 2294, 2296, 2300, 2305, 2308, 2310, 2311, 2317, 2318, 2319, 2320, 2322, 2323, 2324, 2326, 2328, 2329, 2330, 2331, 2333, 2334, 2335, 2338, 2339, 2341, 2343, 2344, 2345, 2347, 2351, 2355, 2356, 2361, 2362, 2363, 2364, 2365, 2367, 2368, 2369, 2370, 2373, 2374, 2376, 2377, 2378, 2380, 2382, 2385, 2387, 2388, 2389, 2391, 2393, 2394, 2399, 2400, 2403, 2404, 2405, 2409, 2412, 2414, 2416, 2418, 2419, 2422, 2428, 2430, 2432, 2435, 2441, 2446, 2447, 2448, 2449, 2457, 2460, 2461, 2462, 2464, 2465, 2466, 2468, 2469, 2470, 2471, 2473, 2474, 2475, 2477, 2479, 2483, 2484, 2485, 2486, 2487, 2488, 2489, 2492, 2494, 2498, 2501, 2502, 2503, 2505, 2506, 2507, 2508, 2509, 2510, 2511, 2514, 2519, 2522, 2527, 2528, 2529, 2532, 2535, 2536, 2537, 2538, 2539, 2540, 2545, 2547, 2561, 2562, 2566, 2568, 2569, 2572, 2576, 2577, 2579, 2580, 2582, 2583, 2585, 2587, 2588, 2589, 2591, 2592, 2594, 2595, 2596, 2597, 2601, 2603, 2606, 2610, 2614, 2616, 2618, 2622, 2624, 2627, 2631, 2633, 2634, 2635, 2636, 2637, 2643, 2645, 2647, 2648, 2650, 2654, 2655, 2656, 2657, 2660, 2662, 2663, 2664, 2665, 2666, 2669, 2673, 2674, 2675, 2678, 2680, 2683, 2685, 2686, 2687, 2688, 2690, 2692, 2693, 2694, 2697, 2700, 2701, 2703, 2704, 2705, 2709, 2710, 2711, 2713, 2716, 2718, 2721, 2722, 2723, 2725, 2726, 2727, 2728, 2729, 2730, 2731, 2733, 2734, 2737, 2738, 2740, 2749, 2750, 2752, 2753, 2757, 2759, 2762, 2763, 2764, 2765, 2769, 2770, 2773, 2778, 2781, 2782, 2783, 2784, 2786, 2790, 2791, 2794, 2797, 2799, 2801, 2805, 2806, 2811, 2813, 2814, 2818, 2819, 2820, 2827, 2830, 2836, 2839, 2844, 2845, 2846, 2848, 2849, 2850, 2860, 2862, 2867, 2868, 2871, 2872, 2873, 2875, 2877, 2880, 2882, 2884, 2887, 2888, 2891, 2892, 2896, 2897, 2900, 2901, 2903, 2904, 2906, 2908, 2909, 2913, 2914, 2915, 2916, 2917, 2919, 2921, 2923, 2927, 2928, 2929, 2930, 2934, 2935, 2936, 2937, 2938, 2939, 2943, 2945, 2949, 2950, 2951, 2954, 2955, 2956, 2958, 2959, 2961, 2964, 2965, 2967, 2968, 2969, 2972, 2973, 2974, 2976, 2977, 2978, 2979, 2980, 2982, 2983, 2985, 2991, 2993, 2994, 2996, 2997, 2998, 2999, 3003, 3004, 3007, 3009, 3010, 3012, 3013, 3015, 3017, 3018, 3021, 3022, 3023, 3024, 3025, 3027, 3028, 3031, 3032, 3034, 3035, 3036, 3037, 3038, 3039, 3040, 3041, 3043, 3044, 3048, 3051, 3052, 3056, 3058, 3059, 3060, 3062, 3068, 3069, 3071, 3077, 3078, 3080, 3086, 3088, 3093, 3094, 3095, 3096, 3098, 3100, 3105, 3106, 3107, 3109, 3110, 3113, 3114, 3117, 3118, 3120, 3121, 3124, 3130, 3132, 3133, 3135, 3136, 3138, 3141, 3142, 3143, 3144, 3145, 3147, 3150, 3151, 3153, 3154, 3155, 3157, 3158, 3159, 3160, 3161, 3163, 3165, 3166, 3171, 3173, 3174, 3181, 3182, 3183, 3184, 3185, 3186, 3188, 3189, 3191, 3192, 3193, 3196, 3197, 3200, 3203, 3209, 3210, 3214, 3217, 3218, 3221, 3224, 3225, 3226, 3227, 3228, 3230, 3232, 3233, 3237, 3238, 3239, 3241, 3242, 3243, 3244, 3248, 3249, 3253, 3254, 3256, 3262, 3264, 3265, 3266, 3271, 3272, 3275, 3276, 3277, 3279, 3280, 3284, 3286, 3287, 3288, 3290, 3291, 3295, 3296, 3299, 3300, 3302, 3307, 3309, 3311, 3313, 3319, 3320, 3323, 3324, 3327, 3329, 3330, 3332, 3337, 3338, 3341, 3344, 3346, 3349, 3352, 3354, 3357, 3359, 3362, 3363, 3367, 3369, 3370, 3371, 3374, 3376, 3377, 3382, 3384, 3387, 3388, 3392, 3394, 3395, 3401, 3404, 3407, 3408, 3409, 3410, 3411, 3413, 3415, 3416, 3418, 3419, 3422, 3423, 3424, 3425, 3426, 3427, 3434, 3436, 3437, 3445, 3446, 3450, 3453, 3454, 3455, 3459, 3460, 3461, 3463, 3465, 3466, 3467, 3469, 3472, 3473, 3475, 3476, 3477, 3481, 3483, 3485, 3488, 3489, 3492, 3495, 3496, 3497, 3501, 3502, 3506, 3508, 3509, 3511, 3512, 3518, 3519, 3520, 3521, 3524, 3525, 3526, 3530, 3532, 3533, 3535, 3539, 3540, 3541, 3543, 3544, 3548, 3549, 3550, 3554, 3558, 3559, 3560, 3561, 3564, 3565, 3568, 3570, 3571, 3572, 3573, 3575, 3576, 3578, 3579, 3580, 3582, 3584, 3585, 3586, 3587, 3592, 3593, 3594, 3599, 3602, 3605, 3607, 3608, 3609, 3611, 3612, 3613, 3616, 3619, 3621, 3622, 3625, 3626, 3627, 3628, 3633, 3635, 3638, 3639, 3641, 3642, 3646, 3647, 3649, 3650, 3651, 3655, 3659, 3660, 3663, 3667, 3668, 3669, 3670, 3672, 3673, 3674, 3675, 3677, 3679, 3680, 3681, 3683, 3687, 3688, 3693, 3695, 3699, 3700, 3703, 3704, 3706, 3708, 3712, 3719, 3722, 3729, 3732, 3734, 3736, 3737, 3740, 3741, 3744, 3746, 3752, 3754, 3756, 3757, 3758, 3759, 3762, 3763, 3766, 3768, 3773, 3774, 3777, 3778, 3779, 3781, 3784, 3788, 3789, 3790, 3791, 3795, 3797, 3798, 3799, 3800, 3802, 3804, 3806, 3807, 3808, 3809, 3813, 3817, 3819, 3823, 3824, 3825, 3827, 3830, 3831, 3833, 3834, 3836, 3837, 3838, 3840, 3841, 3844, 3845, 3846, 3848, 3850, 3851, 3853, 3854, 3855, 3856, 3858, 3859, 3860, 3864, 3865, 3869, 3870, 3871, 3872, 3874, 3875, 3876, 3878, 3881, 3883, 3884, 3885, 3891, 3892, 3896, 3898, 3900, 3902, 3903, 3908, 3915, 3916, 3917, 3918, 3921, 3922, 3926, 3927, 3928, 3930, 3933, 3934, 3938, 3941, 3942, 3943, 3945, 3946, 3947, 3949, 3952, 3953, 3955, 3957, 3960, 3963, 3964, 3966, 3968, 3969, 3971, 3972, 3974, 3975, 3976, 3977, 3978, 3981, 3983, 3985, 3989, 3991, 3992, 3993, 3994, 3995, 3996, 3998, 3999, 4006, 4007, 4008, 4010, 4011, 4014, 4022, 4023, 4025, 4029, 4032, 4033, 4036, 4037, 4038, 4040, 4042, 4043, 4045, 4048, 4051, 4052, 4057, 4059, 4060, 4062, 4063, 4065, 4068, 4069, 4073, 4075, 4078, 4079, 4081, 4082, 4084, 4088, 4092, 4093, 4094, 4095, 4097, 4101, 4103, 4104, 4108, 4111, 4114, 4115, 4117, 4118, 4119, 4123, 4124, 4125, 4126, 4127, 4128, 4129, 4131, 4132, 4134, 4135, 4136, 4138, 4139, 4141, 4142, 4149, 4150, 4152, 4153, 4154, 4161, 4163, 4164, 4166, 4167, 4170, 4171, 4172, 4177, 4178, 4179, 4182, 4183, 4186, 4187, 4190, 4192, 4195, 4199, 4201, 4202, 4207, 4209, 4211, 4212, 4217, 4220, 4221, 4224, 4225, 4238, 4240, 4241, 4242, 4243, 4244, 4245, 4249, 4253, 4256, 4258, 4259, 4260, 4261, 4262, 4263, 4269, 4273, 4274, 4275, 4277, 4284, 4285, 4286, 4287, 4288, 4289, 4292, 4293, 4294, 4295, 4296, 4303, 4304, 4305, 4306, 4307, 4308, 4310, 4311, 4316, 4317, 4318, 4322, 4323, 4324, 4325, 4328, 4329, 4332, 4333, 4334, 4337, 4338, 4340, 4343, 4344, 4345, 4346, 4348, 4349, 4351, 4352, 4353, 4357, 4361, 4362, 4364, 4366, 4370, 4372, 4374, 4375, 4376, 4377, 4378, 4379, 4380, 4385, 4390, 4393, 4396, 4397, 4401, 4406, 4408, 4410, 4411, 4414, 4416, 4417, 4418, 4421, 4422, 4423, 4426, 4427, 4428, 4429, 4432, 4434, 4436, 4437, 4440, 4442, 4443, 4444, 4447, 4448, 4449, 4450, 4458, 4459, 4462, 4465, 4467, 4471, 4475, 4482, 4484, 4485, 4488, 4490, 4491, 4492, 4497, 4499, 4501, 4503, 4505, 4507, 4508, 4510, 4512, 4514, 4517, 4518, 4520, 4522, 4523, 4526, 4529, 4530, 4532, 4533, 4534, 4535, 4538, 4540, 4542, 4543, 4545, 4546, 4547, 4549, 4550, 4554, 4555, 4557, 4558, 4561, 4562, 4563, 4564, 4565, 4566, 4568, 4571, 4574, 4575, 4576, 4579, 4580, 4584, 4585, 4588, 4591, 4593, 4594, 4596, 4598, 4599, 4601, 4602, 4603, 4604, 4605, 4608, 4610, 4611, 4612, 4613, 4615, 4618, 4620, 4621, 4624, 4626, 4627, 4628, 4629, 4630, 4633, 4634, 4635, 4637, 4640, 4641, 4643, 4646, 4648, 4649, 4654, 4655, 4657, 4658, 4660, 4661, 4663, 4664, 4665, 4667, 4668, 4669, 4671, 4674, 4675, 4678, 4683, 4684, 4685, 4686, 4691, 4692, 4693, 4694, 4696, 4697, 4700, 4701, 4704, 4706, 4708, 4711, 4712, 4713, 4716, 4717, 4718, 4719, 4720, 4722, 4724, 4725, 4731, 4732, 4733, 4734, 4735, 4736, 4737, 4738, 4740, 4741, 4742, 4743, 4746, 4747, 4751, 4752, 4754, 4755, 4757, 4758, 4759, 4760, 4763, 4764, 4768, 4769, 4771, 4773, 4774, 4775, 4778, 4779, 4781, 4786, 4788, 4797, 4799, 4801, 4803, 4804, 4806, 4811, 4812, 4813, 4816, 4818, 4823, 4824, 4825, 4829, 4832, 4834, 4836, 4838, 4839, 4843, 4845, 4846, 4849, 4850, 4855, 4858, 4859, 4860, 4861, 4862, 4865, 4868, 4869, 4871, 4872, 4873, 4875, 4878, 4879, 4880, 4881, 4885, 4886, 4888, 4892, 4893, 4895, 4896, 4897, 4899, 4901, 4902, 4903, 4904, 4909, 4910, 4911, 4912, 4914, 4918, 4920, 4921, 4923, 4924, 4926, 4927, 4928, 4929, 4932, 4935, 4937, 4939, 4943, 4944, 4945, 4948, 4949, 4950, 4954, 4956, 4957, 4958, 4960, 4962, 4965, 4967, 4971, 4972, 4973, 4974, 4975, 4976, 4977, 4984, 4987, 4988, 4991, 4992, 4994, 4996, 4999, 5001, 5002, 5003, 5004, 5007, 5009, 5012, 5018, 5020, 5021, 5024, 5025, 5026, 5028, 5029, 5030, 5033, 5036, 5038, 5040, 5042, 5046, 5049, 5050, 5052, 5053, 5055, 5056, 5057, 5065, 5066, 5067, 5068, 5069, 5071, 5072, 5074, 5076, 5077, 5078, 5079, 5080, 5082, 5083, 5085, 5089, 5091, 5095, 5097, 5098, 5099, 5101, 5102, 5104, 5106, 5107, 5109, 5110, 5111, 5113, 5114, 5116, 5117, 5118, 5119, 5121, 5123, 5124, 5126, 5128, 5131, 5134, 5137, 5138, 5142, 5143, 5144, 5147, 5148, 5150, 5151, 5157, 5160, 5163, 5164, 5167, 5169, 5170, 5172, 5174, 5175, 5176, 5178, 5181, 5183, 5185, 5186, 5187, 5188, 5194, 5197, 5200, 5201, 5203, 5204, 5206, 5209, 5211, 5212, 5213, 5216, 5222, 5224, 5225, 5226, 5228, 5229, 5231, 5235, 5237, 5240, 5242, 5243, 5244, 5245, 5246, 5249, 5250, 5251, 5255, 5256, 5257, 5259, 5263, 5271, 5273, 5274, 5275, 5277, 5279, 5286, 5287, 5288, 5290, 5291, 5293, 5294, 5296, 5297, 5301, 5303, 5305, 5306, 5309, 5310, 5311, 5312, 5314, 5315, 5318, 5320, 5322, 5324, 5326, 5327, 5328, 5330, 5331, 5335, 5336, 5337, 5338, 5340, 5342, 5343, 5347, 5348, 5350, 5352, 5354, 5356, 5360, 5363, 5365, 5366, 5369, 5372, 5373, 5374, 5376, 5377, 5379, 5380, 5383, 5385, 5387, 5388, 5389, 5390, 5392, 5395, 5396, 5397, 5398, 5399, 5400, 5402, 5403, 5404, 5407, 5413, 5416, 5418, 5421, 5423, 5428, 5429, 5434, 5436, 5437, 5441, 5445, 5446, 5448, 5449, 5450, 5451, 5456, 5458, 5461, 5462, 5464, 5466, 5467, 5468, 5470, 5471, 5472, 5473, 5476, 5477, 5478, 5480, 5482, 5487, 5489, 5490, 5493, 5494, 5496, 5497, 5498, 5501, 5504, 5508, 5510, 5512, 5514, 5516, 5520, 5521, 5527, 5528, 5530, 5532, 5533, 5535, 5536, 5538, 5539, 5541, 5542, 5544, 5547, 5548, 5550, 5551, 5553, 5555, 5556, 5557, 5559, 5560, 5562, 5564, 5567, 5569, 5571, 5572, 5573, 5574, 5576, 5577, 5579, 5580, 5581, 5584, 5585, 5586, 5587, 5588, 5589, 5590, 5591, 5594, 5595, 5596, 5597, 5600, 5602, 5603, 5605, 5608, 5611, 5614, 5616, 5627, 5628, 5629, 5630, 5632, 5634, 5635, 5636, 5637, 5638, 5639, 5644, 5645, 5648, 5652, 5654, 5655, 5656, 5657, 5660, 5662, 5663, 5664, 5665, 5668, 5669, 5670, 5671, 5672, 5674, 5676, 5678, 5680, 5681, 5683, 5686, 5688, 5690, 5691, 5695, 5698, 5699, 5701, 5703, 5705, 5707, 5709, 5710, 5711, 5713, 5715, 5716, 5721, 5723, 5724, 5726, 5728, 5731, 5733, 5734, 5735, 5736, 5739, 5742, 5743, 5744, 5746, 5748, 5750, 5751, 5752, 5754, 5755, 5756, 5757, 5761, 5762, 5763, 5766, 5768, 5769, 5770, 5771, 5773, 5775, 5778, 5779, 5781, 5782, 5785, 5788, 5789, 5791, 5799, 5800, 5801, 5802, 5804, 5806, 5807, 5808, 5809, 5811, 5813, 5815, 5816, 5819, 5821, 5822, 5823, 5826, 5831, 5834, 5835, 5841, 5844, 5845, 5846, 5847, 5848, 5850, 5852, 5856, 5863, 5869, 5870, 5871, 5872, 5873, 5874, 5876, 5878, 5880, 5881, 5882, 5883, 5885, 5888, 5889, 5890, 5893, 5895, 5896, 5897, 5900, 5901, 5903, 5904, 5905, 5908, 5910, 5911, 5912, 5914, 5915, 5918, 5919, 5924, 5926, 5927, 5928, 5931, 5932, 5934, 5935, 5936, 5937, 5938, 5939, 5941, 5945, 5948, 5949, 5953, 5954, 5957, 5959, 5960, 5967, 5972, 5977, 5981, 5983, 5984, 5986, 5990, 5993, 5994, 5995, 5996, 5998, 6001, 6004, 6005, 6007, 6011, 6012, 6014, 6015, 6016, 6021, 6023, 6025, 6026, 6032, 6033, 6037, 6038, 6039, 6045, 6046, 6050, 6052, 6053, 6054, 6056, 6058, 6062, 6064, 6065, 6067, 6072, 6074, 6075, 6078, 6079, 6080, 6082, 6086, 6087, 6088, 6093, 6094, 6095, 6096, 6097, 6100, 6101, 6102, 6103, 6104, 6106, 6111, 6112, 6113, 6115, 6117, 6118, 6119, 6120, 6121, 6123, 6124, 6126, 6127, 6130, 6131, 6132, 6133, 6135, 6138, 6139, 6144, 6146, 6148, 6149, 6151, 6152, 6153, 6154, 6156, 6157, 6158, 6159, 6161, 6162, 6163, 6167, 6168, 6169, 6170, 6172, 6175, 6178, 6180, 6182, 6183, 6187, 6193, 6194, 6195, 6196, 6197, 6200, 6202, 6205, 6206, 6207, 6213, 6215, 6216, 6217, 6218, 6220, 6226, 6227, 6228, 6231, 6233, 6245, 6246, 6248, 6250, 6253, 6257, 6261, 6264, 6265, 6267, 6268, 6269, 6270, 6275, 6277, 6278, 6279, 6280, 6281, 6282, 6284, 6285, 6286, 6287, 6290, 6292, 6293, 6296, 6298, 6299, 6300, 6301, 6302, 6303, 6304, 6307, 6308, 6310, 6311, 6312, 6313, 6315, 6316, 6317, 6318, 6319, 6320, 6324, 6326, 6328, 6332, 6336, 6337, 6339, 6341, 6342, 6348, 6349, 6350, 6353, 6355, 6359, 6362, 6363, 6364, 6365, 6367, 6369, 6370, 6371, 6372, 6373, 6374, 6375, 6377, 6378, 6379, 6380, 6385, 6387, 6390, 6392, 6393, 6394, 6400, 6401, 6404, 6407, 6410, 6413, 6414, 6416, 6419, 6421, 6422, 6423, 6425, 6426, 6428, 6431, 6434, 6436, 6438, 6440, 6441, 6444, 6447, 6448, 6450, 6451, 6453, 6454, 6456, 6459, 6460, 6462, 6464, 6465, 6466, 6467, 6470, 6471, 6472, 6474, 6484, 6485, 6488, 6489, 6490, 6493, 6494, 6495, 6503, 6505, 6511, 6512, 6514, 6515, 6516, 6517, 6518, 6519, 6520, 6521, 6522, 6525, 6527, 6528, 6529, 6531, 6532, 6534, 6535, 6539, 6540, 6541, 6545, 6546, 6547, 6551, 6553, 6555, 6557, 6558, 6559, 6561, 6562, 6563, 6565, 6566, 6568, 6569, 6570, 6574, 6576, 6578, 6579, 6582, 6583, 6585, 6586, 6587, 6589, 6590, 6592, 6594, 6597, 6598, 6604, 6606, 6607, 6610, 6611, 6613, 6614, 6616, 6617, 6619, 6620, 6621, 6622, 6624, 6628, 6632, 6634, 6637, 6638, 6640, 6645, 6647, 6650, 6652, 6654, 6657, 6658, 6661, 6662, 6664, 6665, 6666, 6668, 6669, 6670, 6671, 6673, 6675, 6677, 6679, 6682, 6685, 6688, 6689, 6690, 6692, 6693, 6694, 6698, 6699, 6700, 6701, 6702, 6706, 6709, 6711, 6712, 6715, 6716, 6721, 6723, 6724, 6726, 6728, 6729, 6730, 6731, 6732, 6734, 6735, 6736, 6738, 6740, 6741, 6742, 6743, 6744, 6747, 6748, 6751, 6752, 6754, 6755, 6756, 6758, 6759, 6760, 6761, 6762, 6763, 6765, 6766, 6767, 6771, 6772, 6775, 6776, 6777, 6778, 6783, 6787, 6788, 6789, 6790, 6791, 6795, 6797, 6798, 6801, 6802, 6804, 6807, 6809, 6810, 6811, 6814, 6815, 6822, 6824, 6825, 6826, 6827, 6835, 6836, 6837, 6839, 6842, 6843, 6844, 6847, 6848, 6849, 6850, 6852, 6853, 6854, 6856, 6858, 6863, 6864, 6866, 6868, 6874, 6876, 6881, 6882, 6883, 6884, 6886, 6888, 6889, 6890, 6891, 6892, 6893, 6895, 6904, 6907, 6908, 6909, 6913, 6915, 6916, 6920, 6921, 6925, 6929, 6932, 6933, 6934, 6936, 6937, 6941, 6942, 6943, 6945, 6951, 6952, 6953, 6957, 6959, 6961, 6968, 6976, 6980, 6981, 6982, 6984, 6989, 6990, 6994, 6995, 6996, 6997, 7000, 7003, 7004, 7005, 7007, 7008, 7010, 7011, 7013, 7014, 7015, 7017, 7018, 7019, 7022, 7023, 7026, 7027, 7028, 7031, 7033, 7036, 7040, 7041, 7043, 7045, 7046, 7047, 7050, 7053, 7054, 7056, 7058, 7060, 7063, 7064, 7065, 7066, 7067, 7069, 7070, 7076, 7077, 7078, 7079, 7080, 7081, 7082, 7084, 7086, 7089, 7090, 7091, 7092, 7093, 7095, 7096, 7099, 7101, 7102, 7103, 7106, 7108, 7109, 7111, 7112, 7113, 7115, 7117, 7118, 7119, 7120, 7121, 7123, 7127, 7129, 7130, 7133, 7134, 7137, 7143, 7145, 7147, 7148, 7149, 7150, 7153, 7155, 7156, 7157, 7158, 7159, 7162, 7165, 7168, 7170, 7171, 7172, 7173, 7174, 7175, 7176, 7178, 7181, 7182, 7185, 7189, 7190, 7193, 7194, 7195, 7198, 7200, 7201, 7203, 7205, 7206, 7209, 7210, 7211, 7213, 7214, 7215, 7217, 7218, 7223, 7224, 7225, 7226, 7232, 7233, 7234, 7235, 7236, 7240, 7242, 7243, 7244, 7245, 7246, 7247, 7249, 7256, 7257, 7259, 7261, 7262, 7263, 7265, 7267, 7269, 7270, 7272, 7274, 7277, 7278, 7282, 7286, 7287, 7290, 7292, 7294, 7295, 7297, 7298, 7299, 7302, 7304, 7305, 7309, 7311, 7312, 7313, 7314, 7315, 7316, 7317, 7318, 7319, 7321, 7322, 7324, 7325, 7326, 7327, 7329, 7330, 7331, 7333, 7335, 7336, 7337, 7339, 7341, 7345, 7346, 7348, 7349, 7351, 7352, 7354, 7356, 7357, 7358, 7359, 7360, 7361, 7362, 7363, 7365, 7366, 7369, 7371, 7372, 7373, 7375, 7376, 7378, 7379, 7381, 7383, 7384, 7385, 7388, 7391, 7392, 7394, 7395, 7398, 7400, 7401, 7406, 7407, 7410, 7413, 7415, 7418, 7419, 7423, 7424, 7425, 7426, 7427, 7428, 7429, 7430, 7432, 7440, 7446, 7447, 7448, 7450, 7451, 7453, 7459, 7461, 7462, 7463, 7464, 7466, 7472, 7474, 7479, 7480, 7481, 7483, 7485, 7487, 7491, 7493, 7494, 7496, 7497, 7498, 7500, 7501, 7503, 7505, 7511, 7512, 7515, 7518, 7519, 7521, 7523, 7524, 7527, 7528, 7532, 7535, 7541, 7542, 7546, 7548, 7551, 7552, 7553, 7554, 7559, 7562, 7563, 7567, 7568, 7571, 7572, 7573, 7575, 7578, 7581, 7584, 7588, 7590, 7591, 7592, 7594, 7598, 7600, 7601, 7602, 7603, 7606, 7607, 7608, 7611, 7614, 7616, 7619, 7620, 7621, 7623, 7627, 7628, 7630, 7631, 7632, 7633, 7636, 7638, 7643, 7646, 7647, 7649, 7651, 7652, 7654, 7655, 7656, 7657, 7658, 7659, 7660, 7663, 7666, 7668, 7669, 7670, 7671, 7673, 7674, 7675, 7678, 7679, 7680, 7681, 7686, 7687, 7689, 7692, 7693, 7697, 7699, 7700, 7701, 7702, 7706, 7707, 7708, 7710, 7711, 7713, 7714, 7715, 7716, 7718, 7719, 7720, 7722, 7723, 7724, 7726, 7728, 7730, 7732, 7733, 7737, 7741, 7742, 7744, 7747, 7748, 7750, 7751, 7752, 7754, 7755, 7756, 7757, 7759, 7762, 7766, 7768, 7769, 7770, 7772, 7774, 7775, 7776, 7778, 7779, 7782, 7783, 7784, 7787, 7791, 7795, 7796, 7797, 7799, 7800, 7801, 7803, 7804, 7807, 7808, 7810, 7813, 7815, 7817, 7818, 7822, 7824, 7827, 7828, 7834, 7835, 7839, 7840, 7844, 7845, 7847, 7849, 7850, 7851, 7853, 7855, 7857, 7858, 7861, 7862, 7864, 7866, 7868, 7870, 7873, 7874, 7875, 7877, 7879, 7883, 7884, 7886, 7889, 7891, 7892, 7895, 7896, 7901, 7902, 7907, 7908, 7909, 7916, 7918, 7924, 7926, 7928, 7930, 7931, 7932, 7933, 7935, 7937, 7940, 7941, 7942, 7943, 7945, 7946, 7955, 7956, 7960, 7961, 7962, 7964, 7966, 7967, 7969, 7970, 7971, 7972, 7973, 7982, 7983, 7986, 7987, 7988, 7993, 7996, 7997, 7999, 8000, 8001, 8002, 8005, 8006, 8007, 8009, 8012, 8014, 8016, 8017, 8019, 8020, 8022, 8024, 8026, 8028, 8030, 8031, 8033, 8037, 8038, 8039, 8040, 8041, 8042, 8043, 8044, 8046, 8049, 8052, 8055, 8056, 8057, 8060, 8062, 8063, 8067, 8068, 8069, 8076, 8079, 8080, 8083, 8084, 8085, 8087, 8088, 8089, 8091, 8095, 8096, 8097, 8099, 8102, 8103, 8108, 8111, 8113, 8114, 8117, 8120, 8127, 8129, 8130, 8131, 8133, 8135, 8136, 8137, 8139, 8141, 8142, 8145, 8146, 8148, 8149, 8150, 8151, 8153, 8157, 8158, 8161, 8169, 8170, 8172, 8174, 8175, 8177, 8180, 8182, 8183, 8184, 8186, 8187, 8188, 8189, 8192, 8193, 8194, 8195, 8197, 8198, 8199, 8200, 8201, 8203, 8205, 8207, 8208, 8210, 8213, 8214, 8215, 8216, 8217, 8219, 8220, 8225, 8226, 8227, 8228, 8230, 8231, 8232, 8233, 8234, 8237, 8238, 8241, 8243, 8246, 8249, 8252, 8256, 8257, 8261, 8263, 8264, 8265, 8266, 8267, 8268, 8270, 8274, 8275, 8276, 8278, 8280, 8282, 8283, 8288, 8290, 8291, 8293, 8297, 8303, 8304, 8305, 8306, 8307, 8308, 8310, 8312, 8317, 8319, 8323, 8324, 8329, 8330, 8331, 8332, 8334, 8335, 8337, 8338, 8341, 8342, 8343, 8347, 8349, 8350, 8351, 8352, 8354, 8355, 8357, 8358, 8359, 8360, 8361, 8363, 8364, 8366, 8367, 8368, 8370, 8371, 8372, 8373, 8374, 8381, 8383, 8384, 8385, 8386, 8387, 8390, 8391, 8392, 8393, 8394, 8395, 8396, 8398, 8400, 8401, 8402, 8404, 8405, 8410, 8411, 8415, 8417, 8418, 8419, 8420, 8423, 8424, 8425, 8427, 8429, 8433, 8434, 8435, 8437, 8438, 8440, 8441, 8442, 8443, 8444, 8445, 8451, 8452, 8453, 8454, 8455, 8456, 8457, 8459, 8460, 8463, 8466, 8470, 8471, 8472, 8475, 8479, 8481, 8482, 8483, 8484, 8487, 8488, 8489, 8490, 8493, 8494, 8495, 8497, 8498, 8500, 8506, 8508, 8509, 8514, 8515, 8516, 8517, 8518, 8519, 8521, 8522, 8528, 8529, 8530, 8531, 8533, 8534, 8535, 8536, 8539, 8541, 8543, 8544, 8545, 8546, 8547, 8548, 8549, 8550, 8552, 8554, 8555, 8556, 8557, 8559, 8564, 8565, 8566, 8568, 8570, 8575, 8576, 8577, 8579, 8580, 8585, 8587, 8588, 8589, 8590, 8591, 8592, 8594, 8596, 8597, 8598, 8599, 8600, 8601, 8603, 8607, 8608, 8609, 8611, 8612, 8619, 8620, 8621, 8623, 8624, 8625, 8626, 8627, 8629, 8631, 8632, 8634, 8636, 8637, 8639, 8640, 8641, 8642, 8644, 8645, 8650, 8651, 8652, 8655, 8657, 8659, 8660, 8661, 8663, 8664, 8666, 8668, 8669, 8670, 8672, 8674, 8679, 8680, 8683, 8684, 8685, 8688, 8691, 8694, 8695, 8697, 8698, 8699, 8700, 8701, 8702, 8703, 8704, 8705, 8708, 8709, 8712, 8713, 8715, 8716, 8723, 8729, 8734, 8735, 8736, 8737, 8739, 8740, 8745, 8747, 8750, 8751, 8757, 8758, 8761, 8762, 8764, 8765, 8766, 8767, 8768, 8770, 8771, 8772, 8774, 8777, 8778, 8779, 8780, 8781, 8782, 8789, 8791, 8793, 8795, 8799, 8803, 8806, 8807, 8808, 8809, 8811, 8812, 8815, 8816, 8818, 8820, 8823, 8824, 8825, 8826, 8827, 8828, 8829, 8831, 8833, 8835, 8838, 8839, 8840, 8843, 8846, 8847, 8848, 8849, 8850, 8851, 8853, 8854, 8858, 8859, 8861, 8864, 8873, 8876, 8877, 8878, 8879, 8880, 8883, 8884, 8887, 8891, 8892, 8893, 8901, 8907, 8908, 8911, 8912, 8914, 8915, 8918, 8922, 8924, 8926, 8927, 8929, 8930, 8936, 8938, 8941, 8942, 8943, 8944, 8946, 8948, 8950, 8952, 8957, 8958, 8959, 8960, 8961, 8962, 8964, 8967, 8969, 8971, 8972, 8973, 8976, 8977, 8978, 8981, 8982, 8991, 8993, 8994, 8995, 8998, 8999, 9001, 9002, 9004, 9005, 9007, 9011, 9015, 9016, 9017, 9018, 9020, 9022, 9023, 9025, 9029, 9030, 9031, 9032, 9038, 9039, 9040, 9041, 9046, 9047, 9048, 9051, 9053, 9055, 9057, 9058, 9059, 9062, 9066, 9069, 9071, 9072, 9074, 9076, 9079, 9083, 9084, 9086, 9092, 9094, 9095, 9096, 9099, 9100, 9102, 9105, 9107, 9108, 9110, 9111, 9112, 9115, 9120, 9122, 9124, 9132, 9136, 9137, 9141, 9142, 9143, 9144, 9145, 9149, 9151, 9154, 9158, 9159, 9160, 9161, 9162, 9165, 9166, 9167, 9169, 9170, 9175, 9180, 9182, 9186, 9187, 9190, 9193, 9195, 9196, 9197, 9202, 9203, 9206, 9208, 9209, 9211, 9213, 9215, 9218, 9219, 9222, 9223, 9226, 9227, 9233, 9237, 9238, 9240, 9242, 9251, 9252, 9253, 9254, 9255, 9256, 9258, 9260, 9261, 9263, 9265, 9266, 9267, 9268, 9272, 9273, 9274, 9276, 9277, 9281, 9283, 9284, 9286, 9288, 9289, 9291, 9299, 9301, 9302, 9306, 9307, 9308, 9309, 9310, 9311, 9314, 9317, 9318, 9321, 9322, 9323, 9325, 9328, 9332, 9334, 9336, 9337, 9338, 9339, 9343, 9345, 9346, 9348, 9349, 9354, 9358, 9359, 9363, 9365, 9366, 9371, 9372, 9373, 9379, 9381, 9383, 9384, 9385, 9387, 9388, 9389, 9401, 9402, 9403, 9406, 9407, 9415, 9417, 9419, 9420, 9422, 9423, 9424, 9427, 9434, 9438, 9439, 9442, 9450, 9453, 9454, 9459]
Packed_weights: [456, 608, 532, 380, 456, 608, 76, 684, 684, 76, 456, 456, 456, 152, 380, 456, 608, 608, 532, 152, 608, 684, 532, 456, 76, 760, 152, 76, 152, 304, 456, 152, 760, 684, 380, 380, 304, 684, 456, 608, 76, 304, 608, 76, 304, 532, 380, 608, 532, 380, 380, 532, 304, 608, 76, 304, 228, 532, 684, 76, 760, 76, 608, 532, 228, 456, 380, 76, 456, 380, 380, 760, 304, 532, 532, 76, 608, 76, 456, 532, 380, 152, 228, 760, 152, 760, 684, 760, 380, 532, 532, 76, 76, 684, 228, 304, 760, 684, 608, 76, 456, 760, 152, 684, 76, 304, 380, 532, 456, 532, 532, 608, 608, 608, 608, 456, 532, 304, 380, 76, 532, 608, 76, 76, 684, 684, 760, 76, 684, 152, 760, 760, 380, 532, 760, 456, 684, 228, 76, 76, 76, 152, 532, 380, 760, 380, 608, 228, 608, 608, 380, 152, 532, 228, 76, 456, 608, 76, 304, 228, 456, 608, 152, 456, 532, 228, 532, 532, 456, 532, 380, 76, 608, 532, 532, 228, 380, 152, 684, 456, 760, 608, 684, 228, 76, 228, 152, 532, 304, 456, 608, 228, 152, 532, 760, 760, 304, 304, 304, 76, 152, 228, 608, 760, 760, 152, 380, 684, 152, 760, 228, 456, 228, 608, 608, 532, 532, 456, 456, 152, 456, 380, 532, 760, 608, 76, 304, 304, 152, 532, 76, 532, 228, 304, 608, 380, 532, 380, 76, 608, 684, 532, 380, 532, 76, 228, 228, 608, 228, 304, 456, 532, 608, 380, 608, 608, 532, 456, 684, 608, 760, 532, 760, 152, 760, 152, 532, 608, 228, 608, 456, 684, 760, 760, 76, 76, 608, 76, 684, 608, 76, 456, 456, 76, 456, 304, 152, 608, 684, 684, 228, 456, 684, 532, 228, 152, 532, 684, 684, 380, 684, 304, 608, 684, 380, 304, 608, 684, 76, 684, 152, 304, 304, 76, 380, 380, 228, 304, 456, 532, 760, 76, 228, 228, 684, 684, 456, 760, 760, 304, 304, 456, 760, 380, 228, 532, 304, 532, 228, 760, 684, 608, 152, 760, 608, 760, 456, 532, 304, 532, 380, 152, 684, 608, 684, 608, 532, 532, 532, 608, 380, 228, 760, 532, 608, 76, 760, 456, 456, 380, 684, 532, 684, 76, 456, 228, 684, 456, 608, 304, 76, 684, 228, 304, 456, 304, 608, 304, 380, 380, 380, 228, 760, 152, 380, 532, 76, 228, 304, 76, 76, 152, 76, 380, 456, 532, 456, 380, 304, 228, 76, 608, 380, 380, 76, 760, 380, 456, 380, 456, 76, 304, 684, 304, 608, 380, 380, 456, 760, 76, 608, 456, 228, 456, 684, 76, 380, 608, 684, 380, 228, 304, 684, 152, 304, 456, 608, 684, 608, 684, 228, 456, 380, 456, 760, 228, 532, 532, 608, 456, 380, 152, 456, 684, 228, 760, 152, 228, 684, 228, 304, 456, 76, 684, 152, 760, 76, 456, 456, 152, 380, 380, 684, 228, 456, 380, 456, 152, 152, 380, 380, 684, 684, 304, 760, 76, 152, 608, 152, 760, 684, 760, 684, 684, 380, 608, 456, 152, 380, 304, 532, 684, 684, 152, 380, 608, 608, 532, 608, 76, 152, 684, 684, 760, 608, 760, 152, 456, 228, 76, 760, 304, 456, 304, 304, 456, 304, 380, 380, 152, 152, 608, 760, 76, 760, 456, 76, 152, 152, 760, 532, 152, 760, 304, 684, 760, 456, 304, 228, 532, 608, 760, 76, 228, 456, 532, 456, 380, 684, 684, 456, 380, 456, 456, 608, 456, 152, 228, 228, 228, 760, 684, 456, 608, 152, 456, 152, 76, 228, 152, 760, 456, 760, 760, 152, 380, 456, 304, 152, 456, 380, 608, 228, 456, 456, 76, 532, 76, 608, 228, 228, 228, 76, 532, 228, 456, 608, 76, 380, 228, 760, 228, 76, 760, 228, 456, 532, 608, 532, 532, 228, 608, 760, 304, 228, 228, 228, 532, 304, 380, 532, 608, 532, 456, 76, 304, 380, 456, 152, 684, 76, 760, 532, 684, 456, 532, 532, 532, 532, 152, 608, 152, 532, 380, 304, 608, 380, 76, 304, 304, 304, 608, 228, 304, 76, 456, 380, 760, 380, 76, 608, 608, 76, 532, 608, 532, 532, 532, 304, 152, 380, 76, 304, 532, 684, 76, 760, 532, 760, 380, 76, 684, 304, 684, 380, 380, 760, 228, 76, 380, 76, 608, 380, 608, 456, 456, 456, 684, 152, 608, 228, 304, 152, 380, 684, 760, 608, 228, 456, 304, 760, 760, 608, 532, 456, 228, 532, 684, 456, 76, 380, 152, 228, 608, 152, 380, 228, 228, 532, 456, 380, 76, 304, 608, 76, 304, 380, 760, 684, 684, 152, 76, 152, 304, 760, 380, 228, 228, 152, 152, 304, 684, 380, 76, 228, 608, 684, 380, 684, 304, 608, 76, 456, 608, 532, 684, 760, 532, 760, 76, 380, 608, 152, 532, 228, 152, 304, 684, 608, 304, 684, 456, 304, 532, 380, 608, 608, 684, 228, 684, 380, 380, 380, 532, 760, 76, 608, 608, 760, 304, 380, 684, 380, 760, 760, 608, 304, 456, 380, 76, 760, 760, 684, 228, 684, 684, 532, 760, 152, 532, 684, 152, 532, 608, 760, 684, 608, 684, 228, 608, 304, 304, 684, 380, 684, 684, 380, 76, 760, 456, 380, 304, 456, 76, 380, 684, 532, 76, 152, 532, 684, 380, 152, 304, 380, 684, 380, 456, 456, 304, 152, 76, 456, 608, 76, 456, 228, 532, 152, 152, 456, 760, 456, 380, 684, 304, 608, 380, 304, 456, 608, 304, 76, 304, 456, 152, 456, 76, 760, 684, 684, 760, 380, 304, 304, 304, 152, 228, 532, 532, 76, 532, 760, 684, 76, 228, 152, 380, 760, 456, 76, 760, 380, 380, 228, 76, 228, 608, 380, 152, 304, 532, 228, 456, 532, 228, 76, 304, 684, 380, 380, 532, 456, 152, 684, 76, 304, 532, 456, 380, 152, 228, 760, 760, 456, 760, 380, 608, 760, 608, 304, 532, 152, 228, 380, 152, 684, 228, 228, 152, 760, 532, 684, 380, 380, 228, 608, 228, 760, 532, 684, 608, 608, 684, 608, 380, 760, 608, 152, 152, 152, 152, 760, 228, 304, 456, 456, 304, 380, 152, 684, 76, 304, 684, 380, 532, 152, 608, 760, 684, 684, 456, 456, 228, 760, 380, 76, 152, 760, 76, 152, 152, 608, 380, 532, 152, 380, 532, 684, 380, 532, 684, 760, 456, 76, 532, 304, 608, 304, 608, 380, 152, 152, 228, 456, 76, 380, 380, 76, 760, 684, 228, 304, 152, 456, 684, 304, 380, 76, 456, 684, 152, 608, 532, 532, 380, 456, 532, 532, 304, 684, 532, 456, 304, 380, 456, 152, 76, 380, 608, 684, 76, 532, 304, 76, 304, 228, 684, 608, 76, 304, 304, 684, 456, 228, 152, 228, 76, 532, 152, 228, 304, 76, 76, 608, 608, 152, 228, 228, 532, 456, 684, 532, 532, 684, 380, 532, 380, 76, 684, 608, 380, 76, 228, 380, 304, 76, 380, 684, 532, 228, 228, 304, 608, 532, 76, 76, 76, 608, 76, 532, 456, 228, 76, 456, 760, 760, 76, 608, 608, 76, 684, 760, 228, 608, 532, 152, 760, 608, 684, 304, 76, 76, 684, 684, 608, 380, 684, 304, 456, 608, 304, 152, 684, 76, 304, 760, 152, 152, 304, 532, 76, 532, 380, 76, 456, 684, 532, 532, 76, 760, 152, 456, 380, 684, 684, 76, 76, 380, 608, 608, 760, 304, 380, 304, 532, 152, 228, 760, 608, 760, 152, 760, 152, 228, 760, 684, 76, 532, 76, 532, 380, 532, 760, 532, 76, 608, 456, 152, 456, 304, 608, 380, 532, 228, 152, 532, 304, 760, 760, 76, 760, 380, 532, 760, 608, 76, 304, 456, 380, 456, 532, 456, 760, 684, 608, 456, 760, 532, 304, 532, 684, 456, 608, 380, 152, 152, 380, 76, 456, 532, 760, 760, 456, 228, 608, 152, 532, 532, 76, 76, 760, 76, 76, 380, 228, 152, 152, 380, 684, 380, 532, 608, 456, 380, 684, 684, 152, 760, 76, 76, 304, 380, 456, 532, 532, 228, 76, 76, 760, 76, 76, 456, 532, 76, 684, 152, 684, 684, 152, 228, 532, 380, 76, 456, 760, 304, 76, 228, 760, 608, 532, 456, 760, 456, 228, 684, 684, 380, 532, 380, 228, 684, 228, 608, 152, 228, 760, 304, 456, 684, 304, 228, 76, 684, 532, 228, 304, 304, 304, 304, 76, 684, 456, 76, 152, 304, 684, 152, 760, 76, 76, 532, 152, 152, 304, 760, 304, 380, 380, 456, 304, 532, 228, 152, 760, 684, 76, 684, 684, 532, 152, 684, 684, 760, 456, 684, 380, 152, 380, 684, 304, 608, 380, 760, 152, 76, 684, 304, 532, 380, 532, 456, 684, 76, 608, 228, 152, 456, 76, 304, 456, 228, 456, 304, 456, 76, 228, 760, 760, 380, 684, 532, 380, 228, 760, 152, 76, 684, 380, 684, 380, 532, 76, 304, 76, 456, 608, 304, 684, 684, 760, 304, 304, 608, 228, 456, 152, 152, 76, 760, 76, 380, 76, 380, 456, 152, 608, 304, 380, 76, 152, 304, 152, 760, 76, 76, 380, 228, 760, 532, 456, 304, 532, 684, 760, 456, 760, 228, 76, 304, 532, 760, 608, 456, 456, 228, 228, 228, 76, 228, 684, 608, 608, 152, 760, 304, 380, 228, 152, 76, 684, 152, 760, 456, 152, 684, 228, 760, 608, 532, 456, 380, 532, 76, 760, 380, 532, 152, 760, 684, 76, 456, 684, 304, 152, 532, 304, 304, 532, 684, 456, 380, 684, 380, 684, 456, 76, 456, 380, 760, 532, 684, 380, 152, 456, 684, 684, 76, 532, 304, 380, 228, 304, 76, 684, 152, 152, 228, 380, 76, 608, 760, 228, 760, 380, 684, 152, 684, 304, 456, 608, 760, 228, 304, 532, 684, 456, 228, 304, 456, 304, 228, 684, 304, 760, 684, 228, 532, 608, 152, 152, 760, 760, 532, 76, 304, 380, 456, 228, 608, 76, 456, 608, 532, 684, 304, 304, 760, 152, 304, 608, 456, 608, 76, 608, 304, 532, 608, 608, 228, 532, 380, 456, 456, 228, 76, 684, 532, 760, 76, 76, 152, 456, 380, 228, 304, 532, 456, 532, 228, 456, 760, 760, 228, 456, 304, 304, 760, 532, 760, 304, 608, 152, 152, 532, 760, 684, 608, 684, 228, 152, 608, 760, 456, 228, 304, 760, 304, 380, 304, 684, 456, 684, 380, 456, 76, 456, 76, 76, 152, 532, 532, 532, 456, 228, 152, 304, 76, 76, 684, 456, 760, 532, 608, 456, 304, 760, 456, 380, 152, 532, 152, 608, 76, 608, 532, 380, 76, 304, 532, 608, 760, 228, 380, 684, 456, 380, 152, 532, 380, 532, 76, 608, 456, 152, 456, 456, 228, 76, 760, 304, 684, 684, 380, 608, 304, 228, 456, 760, 228, 380, 304, 380, 532, 76, 380, 456, 684, 76, 304, 76, 76, 608, 760, 684, 760, 228, 380, 532, 228, 608, 532, 532, 684, 380, 380, 684, 684, 380, 228, 380, 608, 684, 304, 456, 76, 228, 456, 456, 304, 380, 456, 304, 684, 760, 304, 532, 380, 380, 456, 76, 684, 456, 380, 152, 760, 684, 380, 380, 608, 532, 684, 684, 76, 152, 304, 684, 152, 608, 532, 152, 532, 76, 152, 532, 152, 76, 380, 608, 152, 76, 152, 760, 608, 380, 684, 684, 760, 684, 380, 684, 532, 684, 456, 760, 304, 532, 684, 760, 228, 152, 228, 456, 684, 532, 76, 152, 228, 608, 152, 152, 532, 76, 684, 532, 380, 152, 456, 608, 456, 228, 228, 760, 76, 760, 76, 380, 608, 380, 152, 380, 76, 456, 608, 152, 380, 152, 152, 304, 684, 456, 152, 608, 228, 760, 380, 380, 380, 608, 304, 380, 684, 304, 76, 380, 684, 684, 608, 76, 304, 152, 456, 532, 760, 76, 76, 684, 532, 760, 304, 456, 532, 532, 76, 760, 76, 456, 760, 76, 760, 380, 684, 760, 76, 760, 228, 304, 760, 228, 456, 684, 608, 76, 608, 304, 456, 684, 228, 456, 532, 760, 380, 76, 532, 152, 608, 304, 608, 456, 684, 304, 380, 304, 76, 152, 228, 152, 760, 608, 380, 304, 380, 760, 608, 608, 304, 532, 684, 304, 684, 456, 608, 304, 152, 76, 456, 76, 684, 608, 532, 76, 152, 608, 608, 760, 76, 684, 152, 304, 76, 760, 456, 228, 760, 304, 456, 456, 532, 76, 684, 456, 152, 684, 456, 532, 684, 456, 608, 760, 760, 608, 380, 152, 76, 304, 532, 228, 380, 532, 760, 228, 228, 228, 380, 760, 760, 760, 304, 304, 228, 532, 532, 760, 304, 380, 608, 380, 760, 228, 152, 684, 380, 76, 608, 380, 532, 380, 152, 456, 304, 304, 608, 228, 228, 380, 152, 380, 228, 684, 304, 76, 304, 532, 152, 760, 608, 760, 152, 304, 760, 684, 76, 76, 608, 456, 76, 684, 684, 456, 684, 76, 304, 684, 152, 456, 760, 684, 608, 608, 456, 228, 228, 228, 608, 532, 380, 304, 304, 684, 152, 380, 684, 76, 684, 380, 456, 228, 304, 228, 228, 228, 304, 304, 76, 304, 76, 684, 608, 760, 228, 684, 608, 532, 380, 152, 532, 532, 228, 608, 76, 608, 380, 76, 152, 228, 304, 456, 532, 304, 304, 152, 684, 380, 228, 152, 608, 228, 76, 76, 228, 380, 684, 456, 304, 304, 228, 608, 608, 152, 456, 152, 608, 532, 228, 684, 760, 380, 228, 760, 152, 380, 380, 608, 760, 76, 152, 760, 532, 380, 532, 608, 608, 608, 152, 608, 152, 456, 456, 152, 76, 760, 608, 456, 684, 304, 228, 76, 228, 152, 76, 304, 304, 304, 380, 380, 608, 152, 152, 380, 228, 228, 532, 228, 456, 304, 760, 76, 152, 152, 380, 760, 228, 608, 228, 684, 684, 532, 152, 684, 608, 152, 684, 760, 304, 76, 380, 380, 228, 456, 76, 608, 608, 608, 380, 304, 608, 76, 304, 760, 608, 152, 684, 608, 608, 608, 456, 76, 608, 456, 684, 152, 228, 304, 76, 456, 684, 684, 304, 152, 760, 76, 228, 608, 152, 304, 304, 228, 304, 304, 304, 380, 380, 532, 76, 608, 608, 76, 228, 152, 152, 304, 760, 380, 304, 684, 532, 76, 532, 608, 304, 228, 380, 304, 304, 456, 228, 456, 380, 532, 228, 152, 456, 456, 760, 608, 380, 152, 304, 152, 456, 684, 380, 456, 380, 684, 76, 380, 76, 76, 380, 380, 304, 380, 228, 456, 380, 304, 456, 608, 456, 152, 532, 760, 228, 380, 608, 76, 76, 152, 380, 608, 380, 608, 760, 152, 152, 228, 760, 684, 684, 152, 532, 152, 76, 608, 228, 228, 76, 532, 76, 152, 760, 684, 608, 152, 380, 532, 380, 608, 456, 152, 532, 456, 608, 380, 608, 76, 76, 760, 76, 228, 152, 532, 456, 304, 380, 532, 380, 76, 684, 76, 760, 152, 456, 152, 304, 380, 684, 152, 152, 228, 760, 456, 228, 456, 532, 152, 304, 228, 760, 152, 760, 760, 228, 304, 608, 608, 380, 76, 304, 456, 152, 304, 76, 456, 228, 532, 380, 304, 380, 456, 760, 380, 608, 456, 76, 608, 152, 608, 532, 76, 228, 608, 380, 304, 76, 608, 304, 304, 152, 456, 608, 380, 228, 228, 304, 380, 456, 608, 228, 456, 152, 228, 456, 380, 456, 532, 76, 228, 228, 760, 380, 456, 228, 608, 152, 608, 76, 380, 684, 456, 228, 532, 456, 304, 532, 76, 304, 76, 304, 608, 76, 684, 684, 228, 456, 228, 76, 228, 608, 228, 304, 608, 608, 684, 152, 304, 228, 380, 608, 152, 76, 76, 684, 76, 532, 76, 456, 380, 228, 152, 532, 684, 380, 304, 304, 532, 532, 228, 76, 684, 684, 608, 684, 456, 456, 456, 608, 684, 304, 304, 532, 76, 380, 152, 608, 532, 684, 380, 684, 228, 380, 76, 684, 380, 380, 456, 532, 152, 228, 608, 684, 456, 76, 304, 608, 456, 532, 684, 608, 608, 228, 228, 380, 608, 304, 456, 380, 532, 228, 228, 152, 532, 456, 608, 684, 228, 76, 380, 684, 532, 380, 684, 608, 684, 228, 456, 380, 684, 76, 380, 684, 228, 760, 760, 532, 380, 532, 76, 76, 380, 456, 152, 760, 532, 532, 760, 380, 76, 76, 228, 684, 532, 684, 760, 228, 532, 684, 380, 228, 152, 760, 760, 684, 456, 76, 608, 152, 456, 760, 456, 456, 304, 380, 684, 684, 76, 760, 532, 228, 304, 684, 228, 152, 456, 152, 152, 760, 380, 380, 608, 532, 532, 608, 456, 152, 760, 684, 152, 760, 76, 76, 304, 380, 304, 152, 532, 304, 456, 304, 76, 760, 532, 228, 152, 304, 152, 456, 608, 76, 760, 228, 532, 684, 532, 76, 456, 152, 228, 456, 608, 532, 228, 456, 456, 760, 380, 684, 608, 380, 152, 456, 760, 532, 684, 532, 684, 304, 76, 456, 380, 684, 532, 228, 456, 380, 304, 760, 608, 456, 152, 532, 228, 532, 304, 76, 228, 152, 228, 304, 684, 760, 456, 684, 228, 608, 380, 228, 760, 304, 304, 760, 684, 532, 532, 608, 304, 760, 380, 532, 152, 152, 228, 228, 380, 608, 76, 228, 76, 152, 76, 228, 380, 760, 456, 76, 304, 304, 304, 304, 152, 684, 152, 456, 152, 608, 456, 228, 380, 228, 380, 684, 456, 760, 228, 760, 380, 228, 228, 380, 380, 380, 380, 532, 380, 76, 304, 152, 684, 76, 608, 456, 152, 304, 380, 532, 152, 304, 608, 760, 380, 456, 228, 76, 760, 380, 152, 152, 684, 152, 76, 76, 456, 760, 76, 760, 228, 380, 456, 76, 456, 760, 228, 304, 532, 76, 152, 76, 608, 532, 760, 608, 608, 76, 760, 608, 228, 76, 760, 608, 304, 228, 380, 456, 152, 456, 76, 228, 532, 76, 304, 304, 228, 76, 532, 228, 152, 532, 608, 228, 152, 228, 760, 760, 76, 76, 532, 532, 684, 304, 304, 76, 532, 456, 532, 456, 760, 228, 456, 684, 532, 228, 608, 760, 152, 152, 608, 76, 532, 608, 380, 228, 532, 304, 760, 456, 684, 228, 684, 532, 532, 228, 608, 228, 380, 304, 152, 608, 532, 456, 380, 684, 684, 456, 684, 228, 380, 380, 760, 456, 152, 76, 76, 152, 456, 532, 76, 760, 152, 532, 684, 760, 76, 380, 380, 152, 76, 228, 228, 608, 456, 608, 608, 152, 532, 380, 228, 228, 380, 456, 456, 76, 532, 608, 76, 456, 76, 456, 152, 760, 380, 76, 76, 152, 532, 608, 76, 532, 456, 380, 152, 152, 456, 608, 304, 304, 532, 532, 152, 684, 76, 228, 152, 152, 684, 760, 456, 532, 684, 380, 380, 456, 76, 76, 380, 380, 760, 228, 456, 152, 684, 684, 684, 608, 304, 152, 760, 76, 228, 760, 684, 228, 532, 228, 380, 152, 152, 532, 760, 380, 760, 608, 152, 532, 532, 456, 228, 608, 380, 152, 532, 608, 684, 228, 76, 304, 228, 304, 76, 456, 532, 608, 608, 228, 76, 532, 76, 152, 76, 684, 456, 380, 380, 684, 684, 760, 304, 304, 760, 380, 152, 608, 760, 76, 304, 684, 760, 532, 304, 608, 304, 76, 304, 76, 684, 608, 76, 456, 456, 380, 684, 304, 760, 380, 532, 760, 304, 456, 760, 456, 760, 304, 532, 304, 76, 684, 608, 760, 684, 532, 76, 532, 760, 304, 228, 304, 608, 608, 532, 152, 760, 456, 304, 760, 228, 152, 76, 608, 760, 76, 380, 608, 304, 684, 152, 532, 76, 684, 684, 76, 456, 228, 76, 304, 228, 152, 380, 304, 608, 760, 684, 76, 760, 532, 532, 380, 608, 684, 684, 532, 228, 532, 152, 684, 152, 608, 228, 380, 152, 380, 228, 304, 228, 456, 760, 684, 380, 456, 152, 456, 380, 684, 684, 532, 304, 684, 304, 380, 532, 532, 760, 304, 532, 380, 760, 456, 608, 456, 228, 228, 608, 76, 608, 532, 380, 684, 532, 228, 456, 532, 608, 684, 456, 532, 304, 760, 152, 304, 456, 304, 228, 608, 760, 152, 760, 304, 304, 304, 76, 152, 456, 684, 304, 304, 684, 380, 76, 760, 608, 684, 304, 456, 456, 608, 152, 760, 608, 380, 380, 304, 456, 76, 684, 228, 228, 684, 304, 228, 532, 304, 76, 456, 760, 760, 152, 532, 684, 532, 76, 304, 304, 684, 760, 152, 380, 456, 532, 152, 760, 684, 304, 228, 608, 304, 76, 608, 608, 304, 608, 152, 380, 608, 684, 152, 608, 684, 152, 532, 228, 304, 532, 380, 380, 380, 760, 532, 228, 304, 380, 152, 380, 228, 456, 304, 152, 760, 76, 76, 76, 76, 228, 760, 76, 532, 380, 608, 608, 684, 304, 456, 532, 380, 228, 532, 532, 152, 228, 684, 456, 456, 380, 456, 76, 532, 532, 684, 684, 456, 532, 228, 456, 380, 684, 228, 228, 380, 608, 456, 684, 532, 304, 76, 228, 380, 532, 228, 76, 760, 456, 76, 152, 304, 228, 76, 608, 76, 76, 684, 532, 532, 684, 684, 152, 228, 380, 760, 76, 228, 684, 228, 760, 760, 760, 304, 304, 304, 228, 456, 380, 760, 684, 684, 532, 76, 76, 304, 304, 608, 304, 456, 380, 608, 152, 684, 760, 456, 532, 76, 228, 684, 228, 532, 760, 304, 760, 380, 760, 380, 684, 684, 76, 608, 608, 684, 228, 380, 608, 456, 456, 228, 684, 76, 532, 760, 532, 76, 608, 684, 532, 684, 228, 456, 380, 152, 456, 684, 304, 532, 532, 532, 608, 228, 76, 456, 532, 304, 228, 228, 760, 380, 228, 608, 380, 304, 304, 228, 152, 684, 456, 304, 760, 608, 760, 76, 76, 304, 456, 304, 532, 608, 76, 304, 760, 760, 608, 608, 684, 532, 380, 228, 684, 456, 304, 456, 76, 380, 684, 76, 76, 456, 76, 760, 76, 228, 608, 456, 228, 684, 532, 608, 76, 456, 228, 228, 456, 304, 228, 76, 152, 456, 304, 532, 304, 532, 76, 760, 228, 380, 532, 760, 152, 456, 152, 532, 456, 456, 456, 608, 152, 304, 684, 304, 456, 76, 456, 76, 152, 608, 760, 684, 76, 684, 152, 532, 608, 532, 380, 684, 760, 760, 608, 228, 608, 152, 304, 152, 76, 684, 684, 76, 684, 684, 304, 608, 608, 152, 684, 608, 608, 684, 228, 684, 456, 684, 304, 608, 76, 456, 152, 76, 304, 76, 684, 76, 760, 608, 380, 228, 684, 304, 380, 760, 684, 380, 456, 304, 684, 760, 532, 456, 228, 304, 76, 152, 760, 152, 608, 152, 152, 608, 304, 456, 684, 608, 532, 76, 76, 456, 760, 380, 684, 532, 684, 304, 760, 228, 684, 76, 228, 456, 228, 760, 760, 684, 76, 304, 228, 684, 608, 76, 608, 532, 608, 76, 608, 608, 684, 152, 684, 684, 608, 76, 532, 456, 760, 380, 228, 228, 684, 228, 760, 456, 380, 304, 608, 532, 608, 152, 76, 76, 76, 456, 608, 380, 760, 760, 608, 456, 152, 608, 304, 608, 760, 228, 76, 304, 456, 152, 152, 532, 456, 456, 684, 684, 304, 608, 304, 228, 608, 304, 76, 380, 684, 304, 608, 760, 152, 152, 760, 152, 608, 532, 304, 228, 760, 532, 152, 380, 608, 228, 608, 760, 76, 380, 304, 152, 152, 304, 228, 684, 760, 684, 76, 456, 228, 380, 456, 380, 76, 152, 532, 532, 380, 228, 380, 532, 152, 380, 608, 760, 152, 456, 76, 532, 456, 76, 684, 228, 456, 152, 456, 380, 380, 684, 608, 152, 152, 380, 228, 76, 608, 760, 608, 608, 76, 228, 684, 76, 228, 684, 76, 304, 684, 76, 228, 228, 76, 760, 380, 608, 76, 304, 380, 456, 456, 608, 684, 76, 608, 76, 760, 456, 152, 760, 152, 76, 380, 456, 304, 760, 684, 456, 380, 608, 760, 152, 684, 608, 456, 456, 152, 380, 532, 304, 380, 456, 684, 760, 532, 608, 76, 152, 684, 532, 228, 456, 456, 152, 304, 684, 304, 304, 380, 380, 760, 152, 152, 760, 228, 304, 456, 76, 608, 152, 608, 152, 608, 684, 76, 152, 684, 760, 456, 76, 228, 304, 304, 76, 532, 684, 456, 228, 684, 304, 228, 380, 456, 152, 76, 760, 532, 76, 608, 608, 608, 532, 304, 684, 608, 532, 76, 228, 684, 304, 532, 456, 152, 152, 228, 76, 608, 304, 456, 684, 76, 760, 228, 532, 684, 532, 760, 532, 152, 684, 456, 684, 608, 608, 380, 456, 608, 456, 532, 76, 152, 456, 152, 152, 228, 608, 304, 684, 456, 456, 760, 380, 684, 532, 380, 760, 380, 532, 532, 608, 380, 380, 456, 304, 684, 760, 456, 152, 228, 608, 608, 456, 76, 380, 76, 228, 760, 152, 304, 304, 304, 228, 228, 760, 152, 456, 380, 608, 76, 532, 684, 304, 684, 456, 456, 608, 304, 228, 684, 228, 76, 608, 76, 456, 684, 456, 228, 380, 380, 684, 684, 304, 760, 608, 76, 532, 608, 304, 532, 304, 532, 228, 608, 228, 76, 608, 760, 684, 152, 76, 228, 456, 532, 228, 456, 456, 76, 76, 380, 456, 456, 152, 380, 76, 304, 456, 532, 76, 152, 380, 228, 760, 456, 608, 76, 760, 380, 684, 76, 456, 532, 608, 228, 684, 380, 304, 76, 608, 532, 380, 304, 380, 456, 456, 456, 76, 228, 76, 152, 304, 76, 304, 228, 228, 760, 304, 684, 152, 380, 760, 608, 760, 684, 760, 684, 380, 684, 532, 152, 608, 380, 76, 456, 456, 76, 760, 532, 304, 760, 760, 152, 456, 152, 532, 228, 456, 152, 380, 608, 380, 380, 684, 380, 760, 608, 684, 380, 304, 684, 304, 760, 380, 684, 684, 760, 684, 456, 304, 228, 76, 380, 76, 608, 152, 608, 684, 228, 684, 532, 76, 684, 228, 228, 608, 152, 608, 608, 152, 76, 304, 760, 152, 608, 380, 304, 608, 532, 304, 228, 608, 760, 760, 380, 456, 608, 684, 608, 228, 608, 76, 456, 304, 532, 228, 380, 760, 152, 760, 228, 228, 684, 532, 760, 684, 380, 304, 380, 684, 456, 532, 608, 684, 380, 532, 760, 152, 456, 380, 456, 152, 760, 228, 532, 152, 304, 228, 608, 76, 152, 608, 152, 608, 304, 304, 760, 304, 76, 684, 760, 760, 380, 304, 228, 456, 456, 760, 304, 304, 304, 380, 152, 532, 532, 304, 152, 684, 304, 228, 608, 456, 228, 684, 760, 152, 684, 532, 380, 760, 760, 304, 304, 456, 456, 152, 684, 456, 608, 684, 532, 760, 532, 76, 608, 456, 760, 532, 304, 456, 684, 608, 684, 684, 228, 152, 76, 608, 228, 380, 76, 532, 76, 760, 760, 684, 228, 608, 228, 380, 760, 760, 684, 456, 760, 532, 228, 684, 532, 76, 380, 456, 760, 380, 684, 684, 760, 76, 684, 760, 152, 532, 456, 228, 608, 76, 760, 456, 532, 456, 304, 532, 76, 76, 608, 684, 304, 532, 152, 228, 456, 684, 456, 608, 304, 76, 608, 532, 684, 380, 608, 380, 152, 228, 152, 684, 304, 608, 760, 456, 608, 608, 76, 380, 760, 380, 532, 608, 532, 152, 456, 532, 532, 760, 684, 456, 532, 228, 608, 304, 304, 76, 532, 532, 152, 380, 304, 228, 76, 456, 304, 380, 684, 760, 684, 304, 760, 228, 304, 760, 152, 76, 456, 76, 152, 304, 456, 608, 304, 760, 532, 152, 76, 152, 532, 228, 456, 304, 456, 228, 456, 608, 228, 228, 608, 304, 456, 760, 152, 152, 684, 228, 608, 228, 76, 684, 152, 76, 304, 380, 304, 608, 152, 76, 76, 304, 152, 152, 304, 380, 456, 684, 76, 152, 380, 760, 152, 760, 456, 152, 228, 684, 380, 608, 152, 76, 684, 76, 152, 532, 760, 684, 684, 608, 380, 456, 532, 684, 380, 228, 304, 304, 304, 152, 760, 380, 456, 304, 228, 684, 760, 228, 608, 380, 760, 684, 608, 304, 456, 76, 760, 608, 532, 76, 152, 532, 380, 304, 456, 76, 760, 456, 228, 380, 684, 760, 304, 304, 76, 608, 608, 304, 380, 228, 456, 760, 76, 608, 608, 608, 152, 760, 760, 760, 608, 76, 380, 380, 152, 304, 152, 76, 304, 608, 228, 380, 152, 152, 152, 380, 532, 76, 304, 456, 152, 76, 456, 380, 608, 380, 304, 228, 456, 152, 608, 608, 684, 532, 760, 456, 76, 228, 532, 228, 380, 228, 684, 76, 76, 684, 152, 304, 76, 152, 304, 456, 380, 76, 304, 684, 608, 304, 608, 684, 760, 76, 76, 304, 532, 760, 760, 228, 532, 76, 456, 380, 304, 760, 760, 304, 456, 152, 608, 608, 76, 76, 684, 76, 532, 228, 760, 380, 684, 684, 152, 684, 532, 456, 228, 684, 684, 760, 76, 228, 456, 608, 532, 456, 608, 532, 456, 760, 456, 456, 380, 532, 456, 760, 456, 456, 152, 228, 76, 532, 608, 760, 608, 152, 456, 228, 456, 304, 228, 76, 608, 684, 684, 76, 456, 608, 76, 152, 456, 608, 304, 608, 532, 228, 456, 760, 608, 380, 380, 456, 760, 760]
Run time:180.00927424430847
--------------------------------------------