Group: ./kplib/12Circle/
----------Test case: n00050------------
Total value = 300031
Total weight: 14239
Packed items: [0, 1, 2, 8, 11, 12, 14, 17, 19, 21, 22, 26, 28, 30, 33, 34, 35, 36, 40, 41, 44, 45, 48, 49]
Packed_weights: [845, 758, 421, 477, 505, 282, 619, 983, 903, 730, 899, 435, 914, 478, 806, 549, 15, 720, 2, 494, 326, 871, 239, 968]
Run time:0.5805096626281738
--------------------------------------------
----------Test case: n00100------------
Total value = 611418
Total weight: 29017
Packed items: [0, 1, 2, 8, 11, 12, 14, 17, 19, 20, 21, 22, 26, 28, 30, 33, 34, 36, 41, 45, 48, 49, 50, 54, 55, 57, 58, 59, 60, 63, 68, 74, 76, 77, 80, 84, 87, 89, 91, 92, 93, 94, 95]
Packed_weights: [845, 758, 421, 477, 505, 282, 619, 983, 903, 311, 730, 899, 435, 914, 478, 806, 549, 720, 494, 871, 239, 968, 804, 508, 933, 552, 707, 548, 815, 604, 576, 477, 758, 877, 899, 706, 850, 590, 580, 451, 661, 997, 917]
Run time:0.22873497009277344
--------------------------------------------
----------Test case: n00200------------
Total value = 1086483
Total weight: 51563
Packed items: [0, 1, 2, 8, 12, 14, 17, 19, 20, 21, 22, 26, 28, 30, 33, 34, 36, 41, 44, 45, 48, 49, 50, 54, 55, 57, 58, 59, 60, 63, 68, 70, 74, 76, 77, 79, 80, 84, 87, 89, 91, 92, 93, 94, 95, 101, 103, 108, 115, 118, 119, 120, 126, 129, 130, 137, 138, 143, 146, 148, 153, 154, 161, 163, 164, 168, 173, 175, 176, 179, 180, 181, 182, 185, 189, 191, 192, 196, 198]
Packed_weights: [845, 758, 421, 477, 282, 619, 983, 903, 311, 730, 899, 435, 914, 478, 806, 549, 720, 494, 326, 871, 239, 968, 804, 508, 933, 552, 707, 548, 815, 604, 576, 190, 477, 758, 877, 843, 899, 706, 850, 590, 580, 451, 661, 997, 917, 846, 732, 816, 535, 635, 607, 576, 962, 211, 801, 647, 351, 989, 732, 919, 677, 846, 410, 509, 312, 561, 281, 954, 353, 947, 634, 622, 716, 651, 240, 379, 876, 702, 663]
Run time:168.1313078403473
--------------------------------------------
----------Test case: n00500------------
Total value = 2681868
Total weight: 127278
Packed items: [0, 1, 2, 8, 11, 12, 14, 17, 19, 20, 21, 22, 26, 28, 30, 33, 34, 36, 41, 45, 48, 49, 50, 54, 55, 57, 58, 59, 60, 63, 68, 74, 76, 77, 79, 80, 84, 89, 91, 92, 93, 94, 95, 101, 103, 108, 115, 118, 119, 120, 126, 129, 130, 137, 138, 143, 146, 148, 153, 154, 161, 163, 168, 173, 175, 176, 179, 180, 181, 182, 185, 189, 191, 192, 196, 198, 205, 207, 208, 210, 212, 215, 216, 219, 221, 224, 230, 231, 239, 240, 241, 243, 244, 246, 252, 256, 257, 260, 263, 269, 270, 271, 272, 275, 277, 278, 280, 281, 284, 293, 295, 299, 301, 304, 308, 311, 312, 313, 317, 319, 321, 326, 327, 328, 329, 334, 337, 338, 339, 341, 342, 346, 348, 349, 357, 358, 359, 364, 366, 372, 375, 381, 382, 385, 386, 387, 388, 389, 390, 392, 396, 404, 407, 408, 410, 416, 420, 422, 423, 425, 433, 436, 439, 440, 444, 445, 448, 449, 451, 452, 453, 454, 457, 458, 464, 469, 470, 475, 476, 479, 488, 489, 494, 495]
Packed_weights: [845, 758, 421, 477, 505, 282, 619, 983, 903, 311, 730, 899, 435, 914, 478, 806, 549, 720, 494, 871, 239, 968, 804, 508, 933, 552, 707, 548, 815, 604, 576, 477, 758, 877, 843, 899, 706, 590, 580, 451, 661, 997, 917, 846, 732, 816, 535, 635, 607, 576, 962, 211, 801, 647, 351, 989, 732, 919, 677, 846, 410, 509, 561, 281, 954, 353, 947, 634, 622, 716, 651, 240, 379, 876, 702, 663, 562, 884, 495, 467, 876, 1000, 634, 987, 679, 718, 650, 874, 453, 793, 862, 521, 651, 872, 947, 750, 702, 903, 538, 790, 719, 339, 621, 982, 395, 549, 479, 240, 524, 977, 480, 735, 920, 975, 750, 394, 520, 449, 424, 989, 778, 703, 904, 452, 677, 948, 198, 379, 547, 989, 983, 878, 918, 323, 963, 900, 819, 843, 719, 226, 844, 505, 902, 679, 806, 758, 991, 747, 906, 536, 792, 507, 860, 943, 409, 830, 492, 718, 674, 987, 618, 550, 777, 491, 633, 338, 623, 789, 912, 800, 917, 873, 520, 786, 790, 902, 945, 820, 889, 421, 774, 735, 920, 963]
Run time:180.06279230117798
--------------------------------------------
----------Test case: n01000------------
Total value = 5182856
Total weight: 245972
Packed items: [0, 1, 2, 8, 11, 12, 14, 17, 19, 20, 21, 22, 26, 28, 30, 33, 34, 36, 41, 44, 45, 48, 49, 50, 54, 55, 57, 58, 59, 60, 63, 68, 74, 76, 77, 79, 80, 84, 87, 89, 91, 92, 93, 94, 95, 101, 103, 108, 115, 118, 119, 120, 126, 129, 130, 137, 138, 143, 146, 148, 149, 153, 154, 161, 163, 168, 173, 175, 176, 179, 180, 181, 182, 185, 189, 191, 192, 196, 198, 205, 207, 208, 210, 212, 215, 216, 219, 221, 224, 230, 231, 239, 240, 241, 243, 244, 246, 252, 256, 257, 260, 263, 269, 270, 271, 272, 275, 277, 278, 280, 281, 284, 293, 295, 299, 301, 304, 307, 308, 311, 312, 313, 316, 317, 319, 321, 325, 326, 327, 328, 329, 334, 337, 338, 339, 341, 342, 345, 346, 347, 348, 349, 357, 358, 359, 364, 366, 369, 372, 375, 380, 381, 382, 385, 386, 387, 388, 389, 390, 392, 396, 404, 405, 407, 408, 410, 416, 420, 421, 422, 423, 425, 433, 436, 439, 440, 444, 445, 448, 449, 451, 452, 453, 454, 457, 458, 464, 467, 469, 470, 475, 476, 479, 483, 488, 489, 494, 495, 503, 504, 509, 515, 516, 518, 520, 527, 528, 532, 534, 535, 536, 547, 548, 551, 552, 553, 556, 558, 569, 579, 585, 592, 594, 595, 597, 598, 599, 601, 608, 614, 616, 619, 623, 627, 628, 630, 631, 637, 638, 644, 650, 652, 655, 665, 666, 667, 676, 677, 678, 679, 686, 688, 691, 692, 697, 704, 707, 708, 710, 712, 713, 714, 715, 716, 717, 718, 725, 726, 728, 736, 738, 747, 749, 750, 754, 764, 767, 772, 775, 777, 778, 780, 785, 787, 788, 793, 794, 797, 798, 801, 803, 807, 808, 809, 811, 813, 814, 825, 826, 831, 835, 836, 837, 838, 839, 841, 843, 850, 851, 852, 853, 855, 857, 858, 859, 860, 865, 875, 881, 885, 886, 887, 889, 893, 894, 896, 899, 901, 904, 910, 914, 917, 918, 919, 921, 923, 925, 929, 930, 931, 933, 940, 943, 944, 945, 946, 947, 948, 949, 954, 962, 969, 973, 976, 978, 979, 980, 982, 984, 985, 989, 992, 994, 997, 998, 999]
Packed_weights: [845, 758, 421, 477, 505, 282, 619, 983, 903, 311, 730, 899, 435, 914, 478, 806, 549, 720, 494, 326, 871, 239, 968, 804, 508, 933, 552, 707, 548, 815, 604, 576, 477, 758, 877, 843, 899, 706, 850, 590, 580, 451, 661, 997, 917, 846, 732, 816, 535, 635, 607, 576, 962, 211, 801, 647, 351, 989, 732, 919, 170, 677, 846, 410, 509, 561, 281, 954, 353, 947, 634, 622, 716, 651, 240, 379, 876, 702, 663, 562, 884, 495, 467, 876, 1000, 634, 987, 679, 718, 650, 874, 453, 793, 862, 521, 651, 872, 947, 750, 702, 903, 538, 790, 719, 339, 621, 982, 395, 549, 479, 240, 524, 977, 480, 735, 920, 975, 85, 750, 394, 520, 449, 680, 424, 989, 778, 864, 703, 904, 452, 677, 948, 198, 379, 547, 989, 983, 680, 878, 496, 918, 323, 963, 900, 819, 843, 719, 85, 226, 844, 969, 505, 902, 679, 806, 758, 991, 747, 906, 536, 792, 507, 255, 860, 943, 409, 830, 492, 864, 718, 674, 987, 618, 550, 777, 491, 633, 338, 623, 789, 912, 800, 917, 873, 520, 786, 790, 935, 902, 945, 820, 889, 421, 567, 774, 735, 920, 963, 975, 820, 674, 605, 860, 113, 960, 959, 636, 581, 898, 946, 805, 421, 551, 423, 637, 85, 949, 409, 689, 463, 619, 707, 679, 761, 762, 281, 985, 884, 253, 793, 340, 920, 520, 411, 635, 779, 789, 382, 592, 477, 746, 622, 889, 621, 1000, 874, 169, 422, 898, 436, 790, 807, 197, 941, 85, 705, 878, 354, 632, 957, 955, 930, 935, 581, 491, 705, 141, 787, 971, 323, 326, 736, 860, 255, 935, 99, 920, 830, 491, 872, 935, 435, 297, 605, 537, 99, 733, 737, 660, 860, 646, 675, 704, 661, 832, 519, 675, 396, 976, 775, 733, 817, 760, 354, 592, 901, 834, 661, 495, 954, 481, 848, 605, 704, 822, 786, 962, 733, 226, 973, 423, 893, 436, 987, 748, 410, 736, 463, 409, 733, 821, 807, 169, 788, 169, 928, 621, 253, 806, 733, 933, 736, 493, 393, 311, 901, 551, 978, 773, 722, 776, 972, 969, 721, 354, 917, 900, 748, 817, 565, 324, 988, 141, 930, 949, 481]
Run time:21.3837468624115
--------------------------------------------
----------Test case: n02000------------
Total value = 10502842
Total weight: 498452
Packed items: [0, 1, 2, 8, 11, 12, 14, 17, 19, 20, 21, 22, 26, 28, 30, 33, 34, 36, 40, 41, 44, 45, 48, 49, 50, 54, 55, 57, 58, 59, 60, 63, 68, 74, 76, 77, 79, 80, 84, 87, 89, 91, 92, 93, 94, 95, 101, 103, 108, 115, 118, 119, 120, 126, 129, 130, 137, 138, 143, 146, 148, 149, 153, 154, 161, 163, 173, 175, 176, 179, 180, 181, 182, 185, 189, 191, 192, 196, 198, 205, 207, 208, 210, 212, 215, 216, 219, 221, 224, 230, 231, 239, 240, 241, 243, 244, 246, 252, 256, 257, 260, 263, 269, 270, 271, 272, 275, 277, 278, 280, 281, 284, 293, 295, 299, 301, 304, 307, 308, 311, 312, 313, 316, 317, 319, 321, 325, 326, 327, 328, 329, 334, 337, 338, 339, 341, 342, 345, 346, 347, 348, 349, 357, 358, 359, 364, 366, 369, 372, 374, 375, 380, 381, 382, 385, 386, 387, 388, 389, 390, 392, 396, 404, 405, 407, 408, 410, 416, 420, 421, 422, 423, 425, 433, 436, 439, 440, 444, 445, 448, 449, 451, 452, 453, 454, 457, 458, 464, 467, 469, 470, 475, 476, 479, 488, 489, 494, 495, 503, 504, 509, 515, 516, 518, 520, 527, 528, 532, 534, 535, 536, 547, 548, 551, 552, 553, 556, 558, 569, 579, 585, 592, 594, 595, 597, 598, 599, 601, 608, 614, 616, 619, 623, 627, 628, 630, 631, 637, 638, 644, 650, 652, 655, 665, 666, 667, 676, 677, 678, 679, 686, 688, 691, 692, 704, 707, 708, 710, 712, 713, 714, 715, 716, 717, 718, 725, 726, 728, 732, 736, 738, 747, 749, 750, 754, 764, 767, 772, 775, 777, 778, 780, 785, 787, 788, 793, 794, 797, 798, 801, 803, 807, 808, 809, 811, 813, 814, 825, 826, 831, 835, 836, 837, 838, 839, 841, 843, 850, 851, 852, 853, 855, 857, 858, 859, 860, 865, 875, 881, 885, 886, 887, 889, 893, 894, 896, 899, 901, 904, 910, 914, 917, 918, 919, 921, 923, 925, 929, 930, 931, 933, 940, 943, 944, 945, 946, 947, 948, 949, 954, 962, 969, 973, 976, 978, 979, 980, 982, 984, 985, 989, 992, 994, 997, 998, 999, 1000, 1001, 1002, 1003, 1005, 1006, 1009, 1015, 1020, 1021, 1022, 1023, 1025, 1028, 1029, 1030, 1031, 1032, 1034, 1037, 1040, 1044, 1049, 1051, 1053, 1054, 1056, 1057, 1058, 1059, 1060, 1061, 1062, 1065, 1066, 1067, 1068, 1070, 1076, 1078, 1083, 1084, 1085, 1090, 1092, 1099, 1100, 1101, 1103, 1104, 1105, 1114, 1116, 1121, 1122, 1128, 1132, 1135, 1137, 1143, 1144, 1146, 1148, 1153, 1156, 1161, 1162, 1163, 1165, 1166, 1170, 1172, 1182, 1186, 1189, 1190, 1193, 1198, 1205, 1209, 1210, 1211, 1213, 1217, 1226, 1229, 1234, 1236, 1237, 1240, 1242, 1245, 1246, 1248, 1250, 1253, 1254, 1259, 1262, 1263, 1264, 1266, 1267, 1272, 1274, 1278, 1280, 1281, 1282, 1285, 1286, 1287, 1298, 1302, 1303, 1304, 1307, 1311, 1312, 1315, 1322, 1325, 1326, 1341, 1348, 1351, 1352, 1355, 1357, 1358, 1359, 1364, 1365, 1366, 1371, 1374, 1377, 1380, 1384, 1387, 1389, 1394, 1395, 1396, 1398, 1400, 1402, 1404, 1405, 1407, 1408, 1409, 1410, 1411, 1414, 1421, 1422, 1423, 1424, 1426, 1428, 1430, 1432, 1433, 1440, 1444, 1445, 1458, 1461, 1462, 1463, 1465, 1472, 1473, 1474, 1475, 1480, 1481, 1482, 1491, 1497, 1504, 1510, 1517, 1518, 1519, 1520, 1527, 1529, 1530, 1531, 1538, 1544, 1545, 1548, 1551, 1555, 1556, 1558, 1559, 1564, 1565, 1566, 1570, 1573, 1574, 1576, 1578, 1580, 1583, 1588, 1591, 1593, 1596, 1602, 1605, 1611, 1612, 1613, 1617, 1618, 1621, 1622, 1625, 1629, 1630, 1631, 1632, 1634, 1636, 1639, 1640, 1641, 1642, 1643, 1648, 1649, 1651, 1655, 1658, 1659, 1661, 1662, 1663, 1664, 1669, 1670, 1671, 1672, 1677, 1678, 1679, 1681, 1682, 1687, 1689, 1691, 1695, 1696, 1698, 1699, 1702, 1704, 1706, 1707, 1709, 1713, 1718, 1719, 1723, 1725, 1728, 1730, 1732, 1733, 1734, 1735, 1736, 1744, 1748, 1751, 1753, 1756, 1759, 1762, 1763, 1766, 1770, 1771, 1772, 1773, 1775, 1776, 1779, 1781, 1784, 1785, 1787, 1790, 1791, 1792, 1802, 1805, 1808, 1811, 1814, 1817, 1818, 1820, 1824, 1825, 1826, 1828, 1831, 1835, 1838, 1842, 1843, 1845, 1846, 1852, 1864, 1868, 1870, 1871, 1876, 1878, 1883, 1884, 1885, 1888, 1890, 1891, 1892, 1897, 1898, 1899, 1900, 1915, 1916, 1917, 1920, 1924, 1927, 1929, 1930, 1931, 1937, 1939, 1942, 1943, 1946, 1947, 1948, 1952, 1955, 1956, 1957, 1963, 1965, 1966, 1974, 1975, 1982, 1984, 1985, 1986, 1987, 1989, 1999]
Packed_weights: [845, 758, 421, 477, 505, 282, 619, 983, 903, 311, 730, 899, 435, 914, 478, 806, 549, 720, 2, 494, 326, 871, 239, 968, 804, 508, 933, 552, 707, 548, 815, 604, 576, 477, 758, 877, 843, 899, 706, 850, 590, 580, 451, 661, 997, 917, 846, 732, 816, 535, 635, 607, 576, 962, 211, 801, 647, 351, 989, 732, 919, 170, 677, 846, 410, 509, 281, 954, 353, 947, 634, 622, 716, 651, 240, 379, 876, 702, 663, 562, 884, 495, 467, 876, 1000, 634, 987, 679, 718, 650, 874, 453, 793, 862, 521, 651, 872, 947, 750, 702, 903, 538, 790, 719, 339, 621, 982, 395, 549, 479, 240, 524, 977, 480, 735, 920, 975, 85, 750, 394, 520, 449, 680, 424, 989, 778, 864, 703, 904, 452, 677, 948, 198, 379, 547, 989, 983, 680, 878, 496, 918, 323, 963, 900, 819, 843, 719, 85, 226, 16, 844, 969, 505, 902, 679, 806, 758, 991, 747, 906, 536, 792, 507, 255, 860, 943, 409, 830, 492, 864, 718, 674, 987, 618, 550, 777, 491, 633, 338, 623, 789, 912, 800, 917, 873, 520, 786, 790, 935, 902, 945, 820, 889, 421, 774, 735, 920, 963, 975, 820, 674, 605, 860, 113, 960, 959, 636, 581, 898, 946, 805, 421, 551, 423, 637, 85, 949, 409, 689, 463, 619, 707, 679, 761, 762, 281, 985, 884, 253, 793, 340, 920, 520, 411, 635, 779, 789, 382, 592, 477, 746, 622, 889, 621, 1000, 874, 169, 422, 898, 436, 790, 807, 197, 941, 705, 878, 354, 632, 957, 955, 930, 935, 581, 491, 705, 141, 787, 971, 340, 323, 326, 736, 860, 255, 935, 99, 920, 830, 491, 872, 935, 435, 297, 605, 537, 99, 733, 737, 660, 860, 646, 675, 704, 661, 832, 519, 675, 396, 976, 775, 733, 817, 760, 354, 592, 901, 834, 661, 495, 954, 481, 848, 605, 704, 822, 786, 962, 733, 226, 973, 423, 893, 436, 987, 748, 410, 736, 463, 409, 733, 821, 807, 169, 788, 169, 928, 621, 253, 806, 733, 933, 736, 493, 393, 311, 901, 551, 978, 773, 722, 776, 972, 969, 721, 354, 917, 900, 748, 817, 565, 324, 988, 141, 930, 949, 481, 947, 819, 779, 748, 549, 424, 170, 606, 991, 718, 947, 538, 991, 792, 845, 751, 156, 662, 564, 562, 805, 942, 731, 892, 945, 927, 449, 745, 450, 509, 807, 705, 959, 928, 635, 941, 253, 774, 763, 776, 466, 830, 127, 522, 566, 929, 846, 946, 906, 985, 765, 481, 765, 745, 632, 814, 254, 999, 901, 758, 818, 649, 239, 477, 821, 353, 452, 834, 988, 862, 734, 886, 836, 902, 563, 804, 803, 351, 872, 863, 791, 859, 648, 956, 549, 921, 946, 888, 679, 282, 239, 463, 877, 565, 931, 802, 1000, 778, 779, 674, 380, 437, 914, 534, 408, 437, 226, 395, 646, 836, 998, 886, 878, 422, 871, 394, 605, 591, 997, 934, 958, 297, 635, 778, 819, 736, 717, 963, 409, 864, 900, 913, 985, 744, 949, 996, 155, 705, 648, 982, 689, 893, 818, 481, 453, 254, 776, 562, 828, 857, 921, 169, 828, 850, 609, 886, 565, 917, 930, 589, 507, 480, 834, 491, 832, 394, 954, 863, 491, 691, 932, 875, 225, 496, 947, 509, 368, 382, 759, 779, 916, 480, 956, 977, 566, 619, 676, 891, 968, 985, 576, 365, 605, 935, 198, 847, 929, 382, 436, 382, 704, 828, 678, 946, 693, 621, 379, 661, 509, 912, 340, 565, 822, 481, 765, 254, 930, 969, 523, 674, 947, 871, 806, 678, 788, 802, 962, 888, 521, 184, 595, 435, 634, 618, 899, 905, 844, 197, 675, 862, 758, 646, 989, 886, 339, 439, 439, 664, 846, 954, 395, 464, 893, 705, 874, 211, 997, 381, 538, 971, 493, 758, 746, 240, 968, 864, 594, 507, 340, 155, 564, 480, 730, 435, 665, 963, 762, 886, 804, 339, 496, 863, 996, 791, 521, 862, 521, 708, 996, 694, 962, 609, 746, 973, 1000, 829, 984, 665, 820, 309, 707, 450, 410, 997, 437, 836, 871, 662, 548, 850, 693, 141, 786, 254, 449, 521, 239, 309, 905, 961, 282, 552, 821, 884, 944, 169, 988, 722, 790, 848, 506, 534, 494, 127, 962, 984, 746, 451, 451, 778, 762, 510, 368, 689, 480, 735, 834, 296, 914, 381, 579, 675, 758, 844, 510, 901, 778, 507, 651, 730, 969, 874, 940, 991, 608, 929, 832, 311, 394, 353]
Run time:180.03692865371704
--------------------------------------------
----------Test case: n05000------------
Total value = 26323007
Total weight: 1249257
Packed items: [0, 1, 2, 8, 11, 12, 14, 17, 19, 20, 21, 22, 26, 28, 30, 33, 34, 35, 36, 40, 41, 45, 48, 49, 50, 54, 55, 57, 58, 59, 60, 63, 68, 74, 76, 77, 79, 80, 84, 87, 89, 91, 92, 93, 94, 95, 101, 103, 108, 115, 118, 119, 120, 126, 129, 130, 137, 138, 143, 146, 148, 149, 153, 154, 161, 163, 168, 173, 175, 176, 179, 180, 181, 182, 185, 189, 191, 192, 196, 198, 205, 207, 208, 210, 212, 215, 216, 219, 221, 224, 230, 231, 239, 240, 241, 243, 244, 246, 252, 256, 257, 260, 263, 269, 270, 271, 272, 275, 277, 278, 280, 281, 284, 285, 293, 295, 299, 301, 304, 307, 308, 311, 312, 313, 316, 317, 319, 321, 325, 326, 327, 328, 329, 334, 337, 338, 339, 341, 342, 345, 346, 347, 348, 349, 357, 358, 359, 364, 366, 369, 372, 374, 375, 380, 381, 382, 385, 386, 387, 388, 389, 390, 392, 396, 404, 405, 407, 408, 410, 416, 420, 421, 422, 423, 425, 433, 436, 439, 440, 444, 445, 448, 449, 451, 452, 453, 454, 457, 458, 464, 467, 469, 470, 475, 476, 479, 488, 489, 494, 495, 503, 504, 509, 515, 516, 518, 520, 527, 528, 532, 534, 535, 536, 547, 548, 551, 552, 553, 556, 558, 569, 579, 585, 592, 594, 595, 597, 598, 599, 601, 608, 614, 616, 619, 623, 627, 628, 630, 631, 637, 638, 644, 650, 652, 655, 665, 666, 667, 676, 677, 678, 679, 686, 688, 691, 692, 697, 704, 707, 708, 710, 712, 713, 714, 715, 716, 717, 718, 725, 726, 728, 732, 736, 747, 749, 750, 754, 764, 767, 772, 775, 777, 778, 780, 785, 787, 788, 793, 794, 798, 801, 803, 807, 808, 809, 811, 813, 814, 825, 826, 831, 835, 836, 837, 838, 839, 841, 843, 850, 851, 852, 853, 855, 857, 858, 860, 865, 875, 881, 885, 886, 889, 893, 894, 896, 899, 901, 904, 910, 914, 917, 918, 919, 921, 923, 925, 929, 930, 931, 933, 940, 943, 944, 945, 946, 947, 949, 954, 962, 969, 973, 976, 978, 979, 980, 982, 984, 985, 989, 992, 994, 997, 998, 999, 1000, 1001, 1002, 1003, 1005, 1006, 1009, 1015, 1020, 1021, 1022, 1023, 1025, 1028, 1029, 1030, 1032, 1034, 1037, 1040, 1044, 1049, 1051, 1053, 1054, 1056, 1057, 1058, 1059, 1060, 1061, 1062, 1065, 1066, 1067, 1068, 1070, 1076, 1078, 1083, 1084, 1085, 1090, 1092, 1099, 1100, 1101, 1103, 1104, 1105, 1114, 1116, 1121, 1122, 1128, 1132, 1135, 1137, 1143, 1144, 1146, 1148, 1153, 1156, 1161, 1162, 1163, 1165, 1166, 1170, 1172, 1182, 1186, 1189, 1190, 1193, 1198, 1205, 1209, 1210, 1211, 1213, 1217, 1226, 1229, 1234, 1236, 1237, 1240, 1242, 1245, 1246, 1248, 1250, 1253, 1254, 1259, 1262, 1263, 1264, 1266, 1267, 1272, 1274, 1278, 1280, 1281, 1282, 1285, 1286, 1287, 1298, 1302, 1303, 1304, 1307, 1311, 1312, 1315, 1322, 1325, 1326, 1341, 1344, 1348, 1351, 1352, 1355, 1357, 1358, 1359, 1364, 1365, 1366, 1371, 1374, 1377, 1380, 1384, 1387, 1389, 1395, 1396, 1398, 1400, 1402, 1404, 1405, 1407, 1408, 1409, 1410, 1411, 1414, 1421, 1422, 1423, 1424, 1426, 1428, 1430, 1432, 1433, 1440, 1444, 1445, 1458, 1461, 1462, 1463, 1465, 1472, 1473, 1474, 1475, 1480, 1481, 1482, 1491, 1497, 1504, 1510, 1517, 1518, 1519, 1520, 1527, 1529, 1530, 1531, 1538, 1544, 1545, 1548, 1551, 1555, 1556, 1558, 1559, 1564, 1565, 1566, 1570, 1573, 1574, 1576, 1578, 1580, 1583, 1588, 1591, 1596, 1602, 1605, 1611, 1612, 1613, 1617, 1618, 1621, 1622, 1625, 1629, 1630, 1631, 1632, 1634, 1636, 1639, 1640, 1641, 1642, 1643, 1648, 1649, 1651, 1655, 1658, 1659, 1661, 1662, 1663, 1664, 1669, 1670, 1671, 1672, 1677, 1678, 1679, 1682, 1687, 1689, 1691, 1695, 1696, 1698, 1699, 1702, 1704, 1706, 1707, 1709, 1713, 1718, 1719, 1723, 1725, 1728, 1730, 1732, 1733, 1734, 1735, 1736, 1744, 1748, 1751, 1753, 1756, 1759, 1762, 1763, 1766, 1770, 1771, 1772, 1773, 1775, 1776, 1779, 1781, 1784, 1785, 1787, 1790, 1791, 1792, 1802, 1805, 1808, 1811, 1814, 1817, 1818, 1820, 1824, 1825, 1826, 1828, 1831, 1835, 1838, 1842, 1843, 1845, 1846, 1852, 1864, 1868, 1870, 1871, 1876, 1878, 1883, 1884, 1885, 1888, 1890, 1891, 1892, 1897, 1898, 1899, 1900, 1915, 1916, 1917, 1920, 1924, 1927, 1929, 1930, 1931, 1937, 1939, 1942, 1943, 1946, 1947, 1948, 1952, 1955, 1956, 1957, 1963, 1965, 1966, 1974, 1975, 1982, 1984, 1985, 1986, 1987, 1989, 1999, 2001, 2002, 2007, 2009, 2010, 2011, 2013, 2015, 2016, 2020, 2021, 2022, 2024, 2030, 2034, 2039, 2040, 2046, 2047, 2048, 2050, 2054, 2056, 2057, 2058, 2059, 2063, 2068, 2070, 2072, 2073, 2074, 2077, 2081, 2082, 2083, 2085, 2086, 2091, 2094, 2095, 2096, 2098, 2101, 2103, 2107, 2108, 2109, 2114, 2116, 2119, 2122, 2127, 2132, 2138, 2139, 2141, 2142, 2143, 2146, 2147, 2148, 2149, 2151, 2160, 2161, 2163, 2167, 2171, 2172, 2174, 2178, 2180, 2186, 2192, 2193, 2194, 2196, 2199, 2207, 2208, 2209, 2210, 2212, 2213, 2214, 2215, 2216, 2217, 2219, 2220, 2221, 2225, 2226, 2228, 2232, 2235, 2236, 2237, 2239, 2240, 2245, 2248, 2250, 2252, 2255, 2256, 2259, 2260, 2264, 2266, 2267, 2269, 2273, 2276, 2278, 2280, 2286, 2290, 2291, 2293, 2299, 2302, 2303, 2304, 2306, 2308, 2309, 2310, 2311, 2313, 2317, 2322, 2333, 2334, 2335, 2340, 2345, 2349, 2350, 2352, 2354, 2355, 2362, 2363, 2372, 2377, 2379, 2380, 2385, 2386, 2387, 2395, 2398, 2401, 2409, 2416, 2417, 2420, 2421, 2423, 2434, 2436, 2439, 2446, 2447, 2449, 2453, 2455, 2461, 2462, 2464, 2465, 2471, 2472, 2476, 2478, 2479, 2482, 2483, 2486, 2490, 2491, 2498, 2499, 2500, 2502, 2508, 2509, 2518, 2520, 2521, 2523, 2526, 2528, 2529, 2532, 2534, 2538, 2540, 2541, 2543, 2544, 2548, 2550, 2551, 2568, 2570, 2573, 2574, 2575, 2581, 2582, 2584, 2586, 2589, 2591, 2606, 2611, 2624, 2625, 2635, 2637, 2639, 2642, 2644, 2647, 2648, 2652, 2653, 2654, 2662, 2663, 2667, 2668, 2671, 2672, 2673, 2676, 2677, 2678, 2679, 2682, 2685, 2686, 2692, 2693, 2694, 2695, 2700, 2701, 2705, 2709, 2710, 2715, 2717, 2718, 2720, 2723, 2724, 2725, 2726, 2728, 2730, 2731, 2732, 2738, 2739, 2740, 2754, 2756, 2759, 2760, 2761, 2765, 2767, 2771, 2772, 2776, 2780, 2781, 2783, 2784, 2785, 2787, 2788, 2790, 2792, 2796, 2801, 2802, 2806, 2808, 2809, 2812, 2815, 2819, 2822, 2826, 2830, 2832, 2835, 2838, 2839, 2841, 2846, 2854, 2855, 2858, 2859, 2860, 2869, 2871, 2872, 2873, 2877, 2879, 2881, 2882, 2886, 2887, 2889, 2891, 2892, 2893, 2895, 2896, 2898, 2902, 2903, 2904, 2905, 2908, 2910, 2912, 2913, 2917, 2919, 2920, 2921, 2924, 2925, 2928, 2929, 2931, 2932, 2933, 2935, 2936, 2937, 2941, 2943, 2946, 2947, 2952, 2955, 2956, 2957, 2958, 2961, 2962, 2964, 2965, 2968, 2970, 2975, 2976, 2977, 2985, 2987, 2991, 2992, 3001, 3004, 3008, 3010, 3011, 3014, 3015, 3018, 3019, 3025, 3032, 3033, 3044, 3045, 3052, 3055, 3058, 3068, 3069, 3070, 3082, 3083, 3084, 3085, 3088, 3098, 3100, 3101, 3102, 3105, 3106, 3107, 3110, 3112, 3115, 3117, 3118, 3120, 3126, 3127, 3128, 3130, 3131, 3136, 3141, 3143, 3150, 3151, 3152, 3153, 3156, 3157, 3159, 3160, 3161, 3164, 3165, 3172, 3174, 3179, 3180, 3184, 3186, 3189, 3194, 3195, 3196, 3200, 3202, 3205, 3209, 3212, 3214, 3215, 3216, 3218, 3219, 3220, 3224, 3225, 3227, 3232, 3236, 3240, 3243, 3244, 3247, 3249, 3254, 3257, 3258, 3259, 3264, 3266, 3268, 3269, 3270, 3274, 3280, 3283, 3284, 3288, 3289, 3292, 3297, 3298, 3299, 3300, 3303, 3305, 3309, 3310, 3314, 3315, 3316, 3317, 3318, 3319, 3320, 3321, 3322, 3327, 3330, 3332, 3343, 3345, 3346, 3350, 3351, 3353, 3355, 3356, 3358, 3359, 3360, 3361, 3367, 3369, 3370, 3372, 3374, 3375, 3378, 3380, 3383, 3384, 3385, 3389, 3391, 3392, 3396, 3397, 3403, 3407, 3410, 3411, 3413, 3416, 3417, 3418, 3419, 3421, 3422, 3426, 3428, 3429, 3430, 3434, 3435, 3436, 3439, 3440, 3444, 3448, 3449, 3453, 3457, 3461, 3462, 3466, 3468, 3469, 3472, 3473, 3475, 3478, 3482, 3490, 3493, 3497, 3503, 3504, 3506, 3507, 3510, 3512, 3513, 3514, 3519, 3526, 3529, 3530, 3533, 3539, 3540, 3542, 3546, 3549, 3555, 3557, 3558, 3560, 3561, 3562, 3564, 3568, 3572, 3574, 3579, 3581, 3583, 3584, 3585, 3587, 3589, 3591, 3593, 3595, 3596, 3598, 3605, 3607, 3609, 3611, 3612, 3615, 3616, 3617, 3623, 3625, 3629, 3637, 3643, 3645, 3647, 3650, 3652, 3657, 3661, 3664, 3665, 3666, 3667, 3672, 3678, 3681, 3686, 3693, 3695, 3697, 3700, 3701, 3704, 3708, 3709, 3711, 3715, 3723, 3725, 3726, 3729, 3730, 3731, 3736, 3739, 3743, 3746, 3748, 3749, 3750, 3754, 3755, 3758, 3760, 3764, 3765, 3767, 3771, 3772, 3774, 3776, 3777, 3779, 3785, 3786, 3791, 3795, 3798, 3800, 3801, 3802, 3804, 3812, 3814, 3815, 3816, 3819, 3829, 3833, 3836, 3837, 3839, 3841, 3842, 3848, 3851, 3853, 3854, 3855, 3859, 3862, 3866, 3867, 3872, 3875, 3877, 3878, 3881, 3884, 3886, 3887, 3889, 3896, 3897, 3902, 3904, 3906, 3908, 3911, 3912, 3913, 3915, 3916, 3919, 3920, 3922, 3923, 3926, 3927, 3931, 3932, 3933, 3938, 3951, 3956, 3957, 3958, 3963, 3970, 3973, 3974, 3976, 3978, 3981, 3982, 3983, 3987, 3989, 3991, 3997, 3998, 4001, 4008, 4010, 4016, 4017, 4018, 4021, 4024, 4025, 4026, 4030, 4032, 4034, 4040, 4042, 4044, 4045, 4047, 4053, 4060, 4061, 4064, 4065, 4069, 4081, 4085, 4087, 4089, 4090, 4091, 4093, 4094, 4098, 4102, 4103, 4106, 4110, 4114, 4115, 4116, 4123, 4128, 4130, 4131, 4132, 4134, 4136, 4137, 4142, 4143, 4144, 4148, 4158, 4159, 4163, 4168, 4169, 4170, 4175, 4176, 4178, 4180, 4181, 4184, 4190, 4192, 4194, 4197, 4199, 4200, 4201, 4203, 4205, 4208, 4211, 4215, 4216, 4217, 4220, 4223, 4224, 4225, 4226, 4230, 4233, 4239, 4241, 4244, 4248, 4249, 4252, 4253, 4255, 4256, 4259, 4271, 4274, 4275, 4277, 4280, 4282, 4283, 4285, 4286, 4287, 4288, 4289, 4293, 4299, 4300, 4301, 4303, 4304, 4305, 4312, 4313, 4317, 4320, 4328, 4332, 4336, 4339, 4343, 4345, 4352, 4354, 4355, 4356, 4360, 4362, 4364, 4366, 4369, 4375, 4376, 4378, 4379, 4381, 4386, 4391, 4393, 4396, 4401, 4405, 4412, 4416, 4419, 4420, 4421, 4423, 4424, 4427, 4428, 4429, 4436, 4439, 4443, 4445, 4447, 4449, 4452, 4455, 4458, 4459, 4469, 4471, 4472, 4477, 4478, 4485, 4486, 4488, 4489, 4506, 4512, 4514, 4516, 4520, 4521, 4523, 4526, 4530, 4534, 4538, 4540, 4551, 4553, 4554, 4556, 4558, 4560, 4561, 4563, 4565, 4566, 4569, 4570, 4572, 4575, 4578, 4579, 4582, 4583, 4589, 4590, 4591, 4592, 4601, 4603, 4607, 4609, 4615, 4617, 4623, 4628, 4633, 4635, 4636, 4637, 4638, 4639, 4646, 4647, 4650, 4655, 4658, 4660, 4666, 4667, 4668, 4669, 4670, 4674, 4675, 4677, 4678, 4679, 4685, 4686, 4688, 4689, 4690, 4692, 4696, 4697, 4700, 4703, 4705, 4709, 4710, 4711, 4712, 4713, 4715, 4718, 4721, 4723, 4724, 4725, 4726, 4728, 4729, 4735, 4736, 4738, 4743, 4747, 4748, 4749, 4756, 4759, 4761, 4762, 4763, 4764, 4766, 4767, 4775, 4776, 4777, 4784, 4792, 4795, 4797, 4798, 4799, 4801, 4805, 4806, 4809, 4810, 4813, 4817, 4820, 4822, 4825, 4827, 4832, 4833, 4839, 4842, 4843, 4844, 4845, 4847, 4852, 4853, 4854, 4855, 4856, 4857, 4858, 4859, 4861, 4863, 4864, 4870, 4871, 4876, 4877, 4878, 4879, 4881, 4882, 4885, 4886, 4889, 4892, 4895, 4902, 4906, 4909, 4911, 4912, 4915, 4917, 4919, 4920, 4921, 4923, 4924, 4927, 4929, 4930, 4936, 4937, 4940, 4943, 4945, 4948, 4949, 4950, 4951, 4952, 4957, 4958, 4964, 4972, 4978, 4980, 4981, 4982, 4984, 4986, 4987, 4988, 4991, 4992, 4996, 4998]
Packed_weights: [845, 758, 421, 477, 505, 282, 619, 983, 903, 311, 730, 899, 435, 914, 478, 806, 549, 15, 720, 2, 494, 871, 239, 968, 804, 508, 933, 552, 707, 548, 815, 604, 576, 477, 758, 877, 843, 899, 706, 850, 590, 580, 451, 661, 997, 917, 846, 732, 816, 535, 635, 607, 576, 962, 211, 801, 647, 351, 989, 732, 919, 170, 677, 846, 410, 509, 561, 281, 954, 353, 947, 634, 622, 716, 651, 240, 379, 876, 702, 663, 562, 884, 495, 467, 876, 1000, 634, 987, 679, 718, 650, 874, 453, 793, 862, 521, 651, 872, 947, 750, 702, 903, 538, 790, 719, 339, 621, 982, 395, 549, 479, 240, 524, 71, 977, 480, 735, 920, 975, 85, 750, 394, 520, 449, 680, 424, 989, 778, 864, 703, 904, 452, 677, 948, 198, 379, 547, 989, 983, 680, 878, 496, 918, 323, 963, 900, 819, 843, 719, 85, 226, 16, 844, 969, 505, 902, 679, 806, 758, 991, 747, 906, 536, 792, 507, 255, 860, 943, 409, 830, 492, 864, 718, 674, 987, 618, 550, 777, 491, 633, 338, 623, 789, 912, 800, 917, 873, 520, 786, 790, 935, 902, 945, 820, 889, 421, 774, 735, 920, 963, 975, 820, 674, 605, 860, 113, 960, 959, 636, 581, 898, 946, 805, 421, 551, 423, 637, 85, 949, 409, 689, 463, 619, 707, 679, 761, 762, 281, 985, 884, 253, 793, 340, 920, 520, 411, 635, 779, 789, 382, 592, 477, 746, 622, 889, 621, 1000, 874, 169, 422, 898, 436, 790, 807, 197, 941, 85, 705, 878, 354, 632, 957, 955, 930, 935, 581, 491, 705, 141, 787, 971, 340, 323, 736, 860, 255, 935, 99, 920, 830, 491, 872, 935, 435, 297, 605, 537, 99, 733, 660, 860, 646, 675, 704, 661, 832, 519, 675, 396, 976, 775, 733, 817, 760, 354, 592, 901, 834, 661, 495, 954, 481, 848, 605, 704, 786, 962, 733, 226, 973, 423, 436, 987, 748, 410, 736, 463, 409, 733, 821, 807, 169, 788, 169, 928, 621, 253, 806, 733, 933, 736, 493, 393, 311, 901, 551, 773, 722, 776, 972, 969, 721, 354, 917, 900, 748, 817, 565, 324, 988, 141, 930, 949, 481, 947, 819, 779, 748, 549, 424, 170, 606, 991, 718, 947, 538, 991, 792, 845, 751, 662, 564, 562, 805, 942, 731, 892, 945, 927, 449, 745, 450, 509, 807, 705, 959, 928, 635, 941, 253, 774, 763, 776, 466, 830, 127, 522, 566, 929, 846, 946, 906, 985, 765, 481, 765, 745, 632, 814, 254, 999, 901, 758, 818, 649, 239, 477, 821, 353, 452, 834, 988, 862, 734, 886, 836, 902, 563, 804, 803, 351, 872, 863, 791, 859, 648, 956, 549, 921, 946, 888, 679, 282, 239, 463, 877, 565, 931, 802, 1000, 778, 779, 674, 380, 437, 914, 534, 408, 437, 226, 395, 646, 836, 998, 886, 878, 422, 871, 394, 605, 591, 997, 934, 958, 297, 635, 778, 170, 819, 736, 717, 963, 409, 864, 900, 913, 985, 744, 949, 996, 155, 705, 648, 982, 689, 818, 481, 453, 254, 776, 562, 828, 857, 921, 169, 828, 850, 609, 886, 565, 917, 930, 589, 507, 480, 834, 491, 832, 394, 954, 863, 491, 691, 932, 875, 225, 496, 947, 509, 368, 382, 759, 779, 916, 480, 956, 977, 566, 619, 676, 891, 968, 985, 576, 365, 605, 935, 198, 847, 929, 382, 436, 382, 704, 828, 678, 946, 693, 621, 379, 661, 509, 912, 340, 565, 481, 765, 254, 930, 969, 523, 674, 947, 871, 806, 678, 788, 802, 962, 888, 521, 184, 595, 435, 634, 618, 899, 905, 844, 197, 675, 862, 758, 646, 989, 886, 339, 439, 439, 664, 846, 954, 395, 464, 705, 874, 211, 997, 381, 538, 971, 493, 758, 746, 240, 968, 864, 594, 507, 340, 155, 564, 480, 730, 435, 665, 963, 762, 886, 804, 339, 496, 863, 996, 791, 521, 862, 521, 708, 996, 694, 962, 609, 746, 973, 1000, 829, 984, 665, 820, 309, 707, 450, 410, 997, 437, 836, 871, 662, 548, 850, 693, 141, 786, 254, 449, 521, 239, 309, 905, 961, 282, 552, 821, 884, 944, 169, 988, 722, 790, 848, 506, 534, 494, 127, 962, 984, 746, 451, 451, 778, 762, 510, 368, 689, 480, 735, 834, 296, 914, 381, 579, 675, 758, 844, 510, 901, 778, 507, 651, 730, 969, 874, 940, 991, 608, 929, 832, 311, 394, 353, 921, 197, 506, 941, 862, 906, 898, 648, 931, 917, 926, 620, 340, 609, 805, 609, 422, 775, 113, 774, 747, 765, 786, 636, 510, 537, 776, 886, 820, 393, 580, 987, 920, 561, 704, 407, 956, 986, 942, 956, 831, 577, 253, 637, 774, 773, 833, 508, 324, 579, 254, 536, 481, 829, 566, 665, 566, 353, 666, 815, 744, 905, 467, 778, 436, 620, 519, 943, 915, 947, 648, 888, 848, 998, 914, 708, 999, 977, 579, 296, 212, 963, 537, 885, 943, 239, 338, 634, 323, 760, 551, 537, 480, 692, 606, 211, 354, 407, 731, 957, 604, 689, 674, 874, 864, 984, 763, 309, 900, 677, 996, 791, 990, 733, 564, 789, 731, 943, 198, 296, 591, 735, 899, 664, 975, 871, 538, 480, 127, 816, 899, 792, 578, 650, 734, 676, 970, 955, 716, 918, 423, 537, 762, 863, 736, 576, 536, 674, 750, 407, 888, 548, 577, 395, 801, 975, 605, 836, 721, 665, 878, 283, 634, 508, 522, 424, 379, 662, 831, 212, 942, 917, 537, 367, 927, 861, 590, 466, 703, 793, 679, 955, 651, 637, 155, 764, 621, 579, 992, 297, 777, 593, 873, 875, 421, 520, 716, 989, 636, 648, 904, 368, 450, 777, 623, 424, 339, 861, 311, 623, 921, 762, 913, 688, 850, 987, 453, 678, 453, 779, 889, 830, 705, 561, 310, 382, 464, 595, 807, 590, 971, 718, 254, 901, 324, 789, 703, 676, 730, 819, 183, 817, 552, 467, 954, 660, 720, 694, 941, 478, 744, 832, 704, 702, 381, 762, 772, 972, 636, 674, 155, 675, 969, 974, 992, 834, 914, 647, 170, 944, 649, 988, 919, 438, 958, 479, 815, 283, 820, 651, 829, 934, 634, 549, 877, 424, 926, 295, 875, 948, 561, 778, 821, 935, 718, 888, 850, 507, 730, 325, 547, 694, 778, 365, 353, 693, 818, 873, 814, 324, 986, 800, 958, 775, 991, 395, 422, 800, 920, 996, 649, 679, 989, 933, 861, 254, 927, 634, 594, 409, 814, 679, 607, 890, 549, 198, 891, 547, 450, 620, 366, 772, 480, 902, 734, 637, 901, 632, 921, 765, 749, 393, 1000, 828, 933, 912, 749, 99, 155, 903, 422, 425, 465, 253, 608, 422, 732, 762, 493, 949, 745, 704, 789, 934, 155, 846, 492, 992, 776, 394, 536, 934, 564, 564, 997, 366, 267, 887, 762, 976, 705, 804, 379, 759, 310, 856, 650, 379, 464, 664, 707, 633, 835, 608, 581, 748, 903, 703, 765, 647, 212, 521, 902, 736, 870, 998, 930, 916, 548, 661, 861, 590, 505, 663, 296, 623, 622, 549, 834, 547, 871, 495, 520, 807, 562, 872, 676, 759, 732, 650, 679, 393, 886, 776, 637, 932, 892, 281, 295, 887, 267, 871, 535, 281, 467, 857, 968, 478, 941, 870, 662, 435, 184, 844, 747, 940, 563, 647, 367, 891, 141, 904, 941, 793, 325, 547, 885, 803, 927, 590, 494, 872, 561, 944, 857, 735, 1000, 338, 744, 845, 694, 792, 820, 906, 819, 607, 422, 864, 870, 421, 960, 933, 591, 814, 113, 479, 905, 971, 590, 520, 971, 874, 846, 877, 522, 396, 337, 955, 563, 282, 947, 353, 999, 828, 927, 536, 986, 717, 773, 606, 609, 875, 438, 537, 494, 493, 521, 575, 992, 791, 884, 621, 792, 581, 963, 565, 353, 819, 466, 538, 648, 394, 735, 651, 395, 817, 381, 519, 678, 198, 758, 577, 975, 858, 793, 786, 561, 623, 814, 919, 225, 620, 790, 547, 367, 862, 775, 590, 269, 996, 831, 379, 535, 169, 962, 904, 534, 805, 969, 423, 847, 295, 295, 941, 849, 690, 801, 269, 890, 987, 464, 507, 141, 690, 594, 113, 394, 942, 947, 963, 524, 776, 536, 972, 607, 735, 971, 523, 934, 926, 589, 745, 903, 804, 451, 989, 353, 948, 309, 836, 914, 197, 566, 764, 634, 633, 382, 913, 992, 791, 537, 986, 926, 506, 844, 141, 590, 450, 636, 962, 704, 211, 595, 758, 926, 663, 975, 963, 453, 688, 717, 744, 842, 996, 589, 311, 463, 858, 945, 477, 759, 577, 604, 295, 749, 184, 969, 467, 688, 477, 758, 819, 830, 832, 899, 295, 875, 379, 836, 325, 679, 466, 562, 424, 661, 339, 520, 708, 679, 972, 562, 734, 973, 716, 676, 850, 859, 947, 974, 564, 935, 947, 155, 548, 408, 779, 765, 920, 368, 987, 677, 948, 576, 800, 506, 856, 269, 663, 820, 595, 969, 842, 996, 690, 872, 944, 842, 494, 310, 831, 623, 905, 789, 509, 863, 960, 254, 948, 578, 902, 870, 956, 481, 718, 745, 828, 997, 843, 947, 693, 942, 864, 874, 593, 998, 253, 945, 425, 802, 422, 593, 873, 871, 888, 807, 366, 976, 834, 944, 212, 900, 920, 637, 935, 974, 849, 436, 858, 523, 788, 962, 864, 998, 510, 906, 788, 789, 325, 477, 552, 425, 296, 450, 650, 479, 805, 833, 491, 609, 860, 870, 212, 225, 580, 816, 732, 549, 408, 901, 382, 421, 340, 675, 665, 621, 747, 835, 593, 240, 605, 523, 394, 935, 874, 999, 873, 491, 550, 803, 533, 843, 535, 963, 863, 435, 381, 744, 984, 831, 844, 943, 523, 365, 864, 477, 680, 985, 604, 787, 722, 662, 860, 751, 621, 718, 382, 971, 864, 678, 463, 510, 451, 835, 861, 524, 735, 958, 990, 888, 958, 836, 435, 750, 926, 606, 859, 954, 537, 338, 353, 354, 508, 520, 892, 662, 933, 576, 382, 959, 974, 547, 801, 666, 834, 508, 720, 928, 295, 437, 692, 875, 269, 394, 760, 990, 505, 892, 803, 666, 620, 858, 311, 773, 436, 678, 990, 878, 733, 295, 930, 591, 494, 722, 367, 480, 309, 982, 464, 690, 889, 648, 666, 730, 873, 691, 538, 901, 352, 438, 702, 941, 606, 763, 892, 450, 646, 864, 934, 848, 847, 679, 878, 621, 212, 877, 509, 958, 941, 660, 733, 828, 113, 736, 943, 971, 763, 424, 902, 591, 977, 789, 918, 409, 942, 800, 898, 425, 534, 619, 957, 775, 565, 963, 506, 914, 968, 352, 719, 901, 814, 425, 886, 730, 423, 240, 283, 820, 793, 338, 848, 787, 549, 968, 452, 464, 410, 983, 353, 931, 704, 438, 636, 551, 648, 618, 734, 550, 694, 661, 537, 466, 708, 675, 921, 477, 870, 929, 463, 506, 510, 814, 339, 721, 480, 425, 764, 971, 930, 535, 949, 975, 779, 878, 692, 786, 534, 437, 916, 997, 773, 677, 423, 790, 368, 843, 818, 760, 926, 367, 861, 985, 732, 932, 971, 816, 650, 495, 622, 844, 198, 947, 990, 836, 990, 324, 296, 451, 961, 438, 858, 495, 439, 749, 535, 650, 296, 437, 679, 974, 900, 800, 550, 340, 452, 730, 589, 974, 606, 407, 533, 675, 942, 982]
Run time:180.00120735168457
--------------------------------------------
----------Test case: n10000------------
Total value = 52276225
Total weight: 2480964
Packed items: [0, 1, 2, 8, 11, 12, 14, 17, 19, 20, 21, 22, 26, 28, 30, 33, 34, 36, 40, 41, 45, 48, 49, 50, 54, 55, 57, 58, 59, 60, 63, 68, 74, 76, 77, 79, 80, 84, 87, 89, 91, 92, 93, 94, 95, 101, 103, 108, 115, 118, 119, 120, 126, 129, 130, 137, 138, 143, 146, 148, 149, 153, 154, 161, 163, 168, 173, 175, 176, 179, 180, 181, 182, 185, 189, 191, 192, 196, 198, 205, 207, 208, 210, 212, 215, 216, 219, 221, 224, 230, 231, 239, 240, 241, 243, 244, 246, 252, 256, 257, 260, 263, 269, 270, 271, 272, 275, 277, 278, 280, 281, 284, 293, 295, 299, 301, 304, 307, 308, 311, 312, 313, 316, 317, 319, 321, 325, 326, 327, 328, 329, 334, 337, 338, 339, 341, 342, 345, 346, 347, 348, 349, 357, 358, 359, 364, 366, 369, 372, 374, 375, 380, 381, 382, 385, 386, 387, 388, 389, 390, 392, 396, 404, 405, 407, 408, 410, 416, 420, 421, 422, 423, 425, 433, 436, 439, 440, 444, 445, 448, 449, 451, 452, 453, 454, 457, 458, 464, 467, 469, 470, 475, 476, 479, 488, 489, 494, 495, 503, 504, 509, 515, 516, 518, 520, 527, 528, 532, 534, 535, 536, 547, 548, 551, 552, 553, 556, 558, 569, 579, 585, 592, 594, 595, 597, 598, 599, 601, 608, 614, 616, 619, 623, 627, 628, 630, 631, 637, 638, 644, 650, 652, 655, 665, 666, 667, 676, 677, 678, 679, 686, 688, 691, 692, 697, 704, 707, 708, 710, 712, 713, 714, 715, 716, 717, 718, 725, 726, 728, 732, 736, 747, 749, 750, 754, 764, 767, 772, 775, 777, 778, 780, 785, 787, 788, 793, 794, 798, 801, 803, 807, 808, 809, 811, 813, 814, 825, 826, 831, 835, 836, 837, 838, 839, 841, 843, 850, 851, 852, 853, 855, 857, 858, 860, 865, 875, 881, 885, 886, 889, 893, 894, 896, 899, 901, 904, 910, 914, 917, 918, 919, 921, 923, 925, 929, 930, 931, 933, 940, 943, 944, 945, 946, 947, 949, 954, 962, 969, 973, 976, 978, 979, 980, 982, 984, 985, 989, 992, 994, 997, 998, 999, 1000, 1001, 1002, 1003, 1005, 1006, 1009, 1015, 1020, 1021, 1022, 1023, 1025, 1028, 1029, 1030, 1032, 1034, 1037, 1040, 1044, 1049, 1051, 1053, 1054, 1056, 1057, 1058, 1059, 1060, 1061, 1062, 1065, 1066, 1067, 1068, 1070, 1076, 1078, 1083, 1084, 1085, 1090, 1092, 1099, 1100, 1101, 1103, 1104, 1105, 1114, 1116, 1121, 1122, 1128, 1132, 1135, 1136, 1137, 1143, 1144, 1146, 1148, 1153, 1156, 1161, 1162, 1163, 1165, 1166, 1170, 1172, 1182, 1186, 1189, 1190, 1193, 1198, 1205, 1209, 1210, 1211, 1213, 1217, 1226, 1229, 1234, 1236, 1237, 1240, 1242, 1245, 1246, 1248, 1250, 1253, 1254, 1259, 1262, 1263, 1264, 1266, 1267, 1272, 1274, 1278, 1280, 1281, 1282, 1285, 1286, 1287, 1298, 1302, 1303, 1304, 1307, 1311, 1312, 1315, 1322, 1325, 1326, 1341, 1344, 1348, 1351, 1352, 1355, 1357, 1358, 1359, 1364, 1365, 1366, 1371, 1374, 1377, 1380, 1384, 1387, 1389, 1395, 1396, 1398, 1400, 1402, 1404, 1405, 1407, 1408, 1409, 1410, 1411, 1414, 1421, 1422, 1423, 1424, 1426, 1428, 1430, 1432, 1433, 1440, 1444, 1445, 1458, 1461, 1462, 1463, 1465, 1472, 1473, 1474, 1475, 1480, 1481, 1482, 1491, 1497, 1504, 1510, 1517, 1518, 1519, 1520, 1527, 1529, 1530, 1531, 1538, 1544, 1545, 1548, 1551, 1555, 1556, 1558, 1559, 1564, 1565, 1566, 1570, 1573, 1574, 1576, 1578, 1580, 1583, 1588, 1591, 1596, 1602, 1605, 1611, 1612, 1613, 1617, 1618, 1621, 1622, 1625, 1629, 1630, 1631, 1632, 1634, 1636, 1639, 1640, 1641, 1642, 1643, 1648, 1649, 1651, 1655, 1658, 1659, 1661, 1662, 1663, 1664, 1669, 1670, 1671, 1672, 1677, 1678, 1679, 1682, 1687, 1689, 1691, 1695, 1696, 1698, 1699, 1702, 1704, 1706, 1707, 1709, 1713, 1718, 1719, 1723, 1725, 1728, 1730, 1732, 1733, 1734, 1735, 1736, 1744, 1748, 1751, 1753, 1756, 1759, 1762, 1763, 1766, 1770, 1771, 1772, 1773, 1775, 1776, 1779, 1781, 1784, 1785, 1787, 1790, 1791, 1792, 1802, 1805, 1808, 1811, 1814, 1817, 1818, 1820, 1824, 1825, 1826, 1828, 1831, 1835, 1838, 1842, 1843, 1845, 1846, 1852, 1864, 1868, 1870, 1871, 1876, 1878, 1883, 1884, 1885, 1888, 1890, 1891, 1892, 1897, 1898, 1899, 1900, 1915, 1916, 1917, 1920, 1924, 1927, 1929, 1930, 1931, 1937, 1939, 1942, 1943, 1946, 1947, 1948, 1952, 1955, 1956, 1957, 1963, 1965, 1966, 1974, 1975, 1982, 1984, 1985, 1986, 1987, 1989, 1999, 2001, 2002, 2007, 2009, 2010, 2011, 2013, 2015, 2016, 2020, 2021, 2022, 2024, 2030, 2034, 2039, 2040, 2046, 2047, 2048, 2050, 2054, 2056, 2057, 2058, 2059, 2063, 2068, 2070, 2072, 2073, 2074, 2077, 2081, 2082, 2083, 2085, 2086, 2091, 2094, 2095, 2096, 2098, 2101, 2103, 2107, 2108, 2109, 2114, 2116, 2119, 2122, 2123, 2127, 2132, 2138, 2139, 2141, 2142, 2143, 2146, 2147, 2148, 2149, 2151, 2160, 2161, 2163, 2167, 2171, 2172, 2174, 2178, 2180, 2186, 2192, 2193, 2194, 2196, 2199, 2207, 2208, 2209, 2210, 2212, 2213, 2214, 2215, 2216, 2217, 2219, 2220, 2221, 2225, 2226, 2228, 2232, 2235, 2236, 2237, 2239, 2240, 2245, 2248, 2250, 2252, 2255, 2256, 2259, 2260, 2264, 2266, 2267, 2269, 2273, 2276, 2278, 2280, 2286, 2290, 2291, 2293, 2299, 2302, 2303, 2304, 2306, 2308, 2309, 2310, 2311, 2313, 2317, 2322, 2333, 2334, 2335, 2340, 2345, 2349, 2350, 2352, 2354, 2355, 2362, 2363, 2372, 2377, 2379, 2380, 2385, 2386, 2387, 2395, 2398, 2401, 2409, 2416, 2417, 2420, 2421, 2423, 2434, 2436, 2439, 2446, 2447, 2449, 2453, 2455, 2461, 2462, 2464, 2465, 2471, 2472, 2476, 2478, 2479, 2482, 2483, 2486, 2490, 2491, 2498, 2499, 2500, 2502, 2508, 2509, 2518, 2520, 2521, 2523, 2526, 2528, 2529, 2532, 2534, 2538, 2540, 2541, 2543, 2544, 2548, 2550, 2551, 2568, 2570, 2573, 2574, 2575, 2581, 2582, 2584, 2586, 2589, 2591, 2606, 2611, 2624, 2625, 2635, 2637, 2639, 2642, 2644, 2647, 2648, 2652, 2653, 2654, 2662, 2663, 2667, 2668, 2671, 2672, 2673, 2676, 2677, 2678, 2679, 2682, 2685, 2686, 2692, 2693, 2694, 2695, 2700, 2701, 2705, 2709, 2710, 2715, 2717, 2718, 2720, 2723, 2724, 2725, 2726, 2728, 2730, 2731, 2732, 2738, 2739, 2740, 2754, 2756, 2759, 2760, 2761, 2765, 2767, 2771, 2772, 2776, 2780, 2781, 2783, 2784, 2785, 2787, 2788, 2790, 2792, 2796, 2801, 2802, 2806, 2808, 2809, 2812, 2815, 2819, 2822, 2826, 2830, 2832, 2835, 2838, 2839, 2841, 2846, 2854, 2855, 2858, 2859, 2860, 2869, 2871, 2872, 2873, 2877, 2879, 2881, 2882, 2886, 2887, 2889, 2891, 2892, 2893, 2895, 2896, 2898, 2902, 2903, 2904, 2905, 2908, 2910, 2912, 2913, 2917, 2919, 2920, 2921, 2924, 2925, 2928, 2929, 2931, 2932, 2933, 2935, 2936, 2937, 2941, 2943, 2946, 2947, 2952, 2955, 2956, 2957, 2958, 2961, 2962, 2964, 2965, 2968, 2970, 2975, 2976, 2977, 2985, 2987, 2991, 2992, 3001, 3004, 3008, 3010, 3011, 3014, 3015, 3018, 3019, 3025, 3032, 3033, 3044, 3045, 3052, 3055, 3058, 3068, 3069, 3070, 3082, 3083, 3084, 3085, 3088, 3090, 3098, 3100, 3101, 3102, 3105, 3106, 3107, 3110, 3112, 3115, 3117, 3118, 3120, 3126, 3127, 3128, 3130, 3131, 3136, 3141, 3143, 3150, 3151, 3152, 3153, 3156, 3157, 3159, 3160, 3161, 3164, 3165, 3172, 3174, 3179, 3180, 3184, 3186, 3189, 3194, 3195, 3196, 3200, 3202, 3205, 3209, 3212, 3214, 3215, 3216, 3218, 3219, 3220, 3224, 3225, 3227, 3232, 3236, 3240, 3243, 3244, 3247, 3249, 3254, 3257, 3258, 3259, 3264, 3266, 3268, 3269, 3270, 3274, 3280, 3283, 3284, 3288, 3289, 3292, 3297, 3298, 3299, 3300, 3303, 3305, 3309, 3310, 3314, 3315, 3316, 3317, 3318, 3319, 3320, 3321, 3322, 3327, 3330, 3332, 3343, 3345, 3346, 3350, 3351, 3353, 3355, 3356, 3358, 3359, 3360, 3361, 3367, 3369, 3370, 3372, 3374, 3375, 3378, 3380, 3383, 3384, 3385, 3389, 3391, 3392, 3396, 3397, 3403, 3407, 3410, 3411, 3413, 3416, 3417, 3418, 3419, 3421, 3422, 3426, 3428, 3429, 3430, 3434, 3435, 3436, 3439, 3440, 3444, 3448, 3449, 3453, 3457, 3461, 3462, 3466, 3468, 3469, 3472, 3473, 3475, 3478, 3482, 3490, 3493, 3497, 3503, 3504, 3506, 3507, 3510, 3512, 3513, 3514, 3519, 3526, 3529, 3530, 3533, 3539, 3540, 3542, 3546, 3549, 3555, 3557, 3558, 3560, 3561, 3562, 3564, 3568, 3572, 3574, 3579, 3581, 3583, 3584, 3585, 3587, 3589, 3591, 3593, 3595, 3596, 3598, 3605, 3607, 3609, 3611, 3612, 3615, 3616, 3617, 3623, 3625, 3629, 3637, 3643, 3645, 3647, 3650, 3652, 3657, 3661, 3664, 3665, 3666, 3667, 3672, 3678, 3681, 3686, 3693, 3695, 3697, 3700, 3701, 3704, 3708, 3709, 3711, 3715, 3723, 3725, 3726, 3729, 3730, 3731, 3736, 3739, 3743, 3746, 3748, 3749, 3750, 3754, 3755, 3758, 3760, 3764, 3765, 3767, 3771, 3772, 3774, 3776, 3777, 3779, 3785, 3786, 3788, 3791, 3795, 3798, 3800, 3801, 3802, 3804, 3812, 3814, 3815, 3816, 3819, 3829, 3833, 3836, 3837, 3839, 3841, 3842, 3848, 3851, 3853, 3854, 3855, 3859, 3862, 3866, 3867, 3872, 3875, 3877, 3878, 3881, 3884, 3886, 3887, 3889, 3896, 3897, 3902, 3904, 3906, 3908, 3911, 3912, 3913, 3915, 3916, 3919, 3920, 3922, 3923, 3926, 3927, 3931, 3932, 3933, 3938, 3951, 3956, 3957, 3958, 3963, 3970, 3973, 3974, 3976, 3978, 3981, 3982, 3983, 3987, 3989, 3991, 3997, 3998, 4001, 4008, 4010, 4016, 4017, 4018, 4021, 4024, 4025, 4026, 4030, 4032, 4034, 4040, 4042, 4044, 4045, 4047, 4053, 4060, 4061, 4064, 4065, 4069, 4081, 4085, 4087, 4089, 4090, 4091, 4093, 4094, 4098, 4102, 4103, 4106, 4110, 4114, 4115, 4116, 4123, 4128, 4130, 4131, 4132, 4134, 4136, 4137, 4142, 4143, 4144, 4148, 4158, 4159, 4163, 4168, 4169, 4170, 4175, 4176, 4178, 4180, 4181, 4184, 4190, 4192, 4194, 4197, 4199, 4200, 4201, 4203, 4205, 4208, 4211, 4215, 4216, 4217, 4220, 4223, 4224, 4225, 4226, 4230, 4233, 4239, 4241, 4244, 4248, 4249, 4252, 4253, 4255, 4256, 4259, 4271, 4274, 4275, 4277, 4280, 4282, 4283, 4285, 4286, 4287, 4288, 4289, 4293, 4299, 4300, 4301, 4303, 4304, 4305, 4312, 4313, 4317, 4320, 4328, 4332, 4336, 4339, 4343, 4345, 4352, 4354, 4355, 4356, 4360, 4362, 4364, 4366, 4369, 4375, 4376, 4378, 4379, 4381, 4386, 4391, 4393, 4396, 4401, 4405, 4412, 4416, 4419, 4420, 4421, 4423, 4424, 4427, 4428, 4429, 4436, 4439, 4443, 4445, 4447, 4449, 4452, 4455, 4458, 4459, 4469, 4471, 4472, 4477, 4478, 4485, 4486, 4488, 4489, 4506, 4512, 4514, 4516, 4520, 4521, 4523, 4526, 4530, 4534, 4538, 4540, 4551, 4553, 4554, 4556, 4558, 4560, 4561, 4563, 4565, 4566, 4569, 4570, 4572, 4575, 4578, 4579, 4582, 4583, 4589, 4590, 4591, 4592, 4601, 4603, 4607, 4609, 4615, 4617, 4623, 4628, 4633, 4635, 4636, 4637, 4638, 4639, 4646, 4647, 4650, 4655, 4658, 4660, 4666, 4667, 4668, 4669, 4670, 4674, 4675, 4677, 4678, 4679, 4685, 4686, 4688, 4689, 4690, 4692, 4696, 4697, 4700, 4703, 4705, 4709, 4710, 4711, 4712, 4713, 4715, 4718, 4721, 4723, 4724, 4725, 4726, 4728, 4729, 4735, 4736, 4738, 4743, 4747, 4748, 4749, 4756, 4759, 4761, 4762, 4763, 4764, 4766, 4767, 4775, 4776, 4777, 4784, 4792, 4795, 4797, 4798, 4799, 4801, 4805, 4806, 4809, 4810, 4813, 4817, 4820, 4822, 4825, 4827, 4832, 4833, 4839, 4842, 4843, 4844, 4845, 4847, 4852, 4853, 4854, 4855, 4856, 4857, 4858, 4859, 4861, 4863, 4864, 4870, 4871, 4876, 4877, 4878, 4879, 4881, 4882, 4885, 4886, 4889, 4892, 4895, 4902, 4906, 4909, 4911, 4912, 4915, 4917, 4919, 4920, 4921, 4923, 4924, 4927, 4929, 4930, 4936, 4937, 4940, 4943, 4945, 4948, 4949, 4950, 4951, 4952, 4957, 4958, 4964, 4972, 4978, 4980, 4981, 4982, 4984, 4986, 4987, 4988, 4991, 4992, 4996, 4998, 5003, 5005, 5010, 5012, 5016, 5020, 5022, 5024, 5029, 5031, 5032, 5039, 5045, 5047, 5057, 5065, 5066, 5068, 5069, 5074, 5078, 5080, 5082, 5084, 5087, 5088, 5089, 5091, 5092, 5093, 5098, 5103, 5105, 5106, 5107, 5108, 5110, 5115, 5117, 5119, 5121, 5123, 5124, 5125, 5126, 5127, 5129, 5130, 5132, 5144, 5145, 5147, 5150, 5153, 5155, 5158, 5160, 5161, 5166, 5167, 5168, 5171, 5175, 5178, 5182, 5183, 5185, 5187, 5188, 5189, 5190, 5191, 5194, 5197, 5201, 5202, 5203, 5205, 5207, 5215, 5219, 5220, 5223, 5227, 5229, 5234, 5239, 5240, 5242, 5244, 5245, 5246, 5247, 5248, 5250, 5255, 5259, 5262, 5265, 5266, 5268, 5269, 5270, 5272, 5275, 5277, 5279, 5280, 5282, 5286, 5289, 5290, 5296, 5303, 5304, 5306, 5307, 5314, 5321, 5322, 5323, 5327, 5330, 5336, 5339, 5341, 5342, 5344, 5345, 5346, 5349, 5352, 5357, 5360, 5362, 5364, 5368, 5369, 5371, 5373, 5374, 5378, 5379, 5381, 5384, 5388, 5391, 5393, 5394, 5400, 5402, 5403, 5406, 5411, 5414, 5419, 5420, 5421, 5424, 5425, 5429, 5433, 5435, 5436, 5439, 5440, 5445, 5450, 5452, 5453, 5456, 5473, 5474, 5476, 5477, 5480, 5482, 5486, 5489, 5490, 5494, 5495, 5497, 5498, 5500, 5504, 5506, 5509, 5512, 5513, 5515, 5517, 5520, 5523, 5524, 5527, 5535, 5537, 5541, 5543, 5553, 5557, 5558, 5559, 5562, 5565, 5566, 5572, 5575, 5579, 5581, 5587, 5588, 5590, 5591, 5592, 5595, 5596, 5597, 5601, 5602, 5606, 5611, 5612, 5613, 5614, 5615, 5620, 5622, 5623, 5625, 5628, 5629, 5635, 5636, 5637, 5640, 5642, 5646, 5647, 5648, 5651, 5652, 5655, 5657, 5663, 5664, 5670, 5671, 5675, 5676, 5678, 5681, 5689, 5691, 5692, 5694, 5696, 5699, 5708, 5709, 5710, 5711, 5712, 5713, 5717, 5718, 5722, 5723, 5726, 5728, 5735, 5736, 5738, 5739, 5741, 5745, 5750, 5756, 5757, 5763, 5764, 5768, 5772, 5775, 5776, 5778, 5780, 5781, 5786, 5788, 5789, 5790, 5791, 5792, 5795, 5802, 5814, 5815, 5820, 5824, 5825, 5828, 5829, 5831, 5834, 5840, 5841, 5844, 5846, 5849, 5854, 5856, 5858, 5860, 5862, 5865, 5868, 5869, 5871, 5872, 5874, 5879, 5881, 5882, 5885, 5891, 5892, 5893, 5894, 5896, 5903, 5905, 5909, 5911, 5917, 5918, 5919, 5920, 5922, 5924, 5926, 5931, 5934, 5935, 5936, 5937, 5938, 5940, 5945, 5957, 5965, 5966, 5967, 5976, 5979, 5983, 5985, 5988, 5991, 5994, 6002, 6004, 6005, 6006, 6007, 6011, 6014, 6017, 6020, 6021, 6022, 6024, 6026, 6032, 6034, 6036, 6037, 6038, 6040, 6041, 6043, 6046, 6048, 6050, 6053, 6060, 6063, 6065, 6067, 6070, 6071, 6075, 6076, 6077, 6078, 6080, 6083, 6086, 6087, 6088, 6090, 6094, 6097, 6098, 6099, 6103, 6105, 6110, 6111, 6113, 6114, 6119, 6127, 6128, 6129, 6131, 6132, 6133, 6135, 6136, 6144, 6145, 6147, 6150, 6151, 6152, 6156, 6157, 6163, 6172, 6174, 6175, 6177, 6179, 6180, 6181, 6182, 6183, 6185, 6186, 6187, 6188, 6189, 6194, 6195, 6196, 6200, 6202, 6203, 6205, 6207, 6211, 6214, 6216, 6220, 6222, 6227, 6229, 6232, 6237, 6242, 6249, 6253, 6255, 6259, 6267, 6272, 6273, 6274, 6277, 6288, 6291, 6301, 6302, 6304, 6308, 6310, 6316, 6318, 6322, 6323, 6326, 6334, 6339, 6341, 6342, 6344, 6345, 6348, 6352, 6355, 6356, 6357, 6361, 6363, 6364, 6365, 6372, 6376, 6379, 6380, 6384, 6393, 6395, 6396, 6400, 6406, 6408, 6409, 6410, 6412, 6413, 6417, 6419, 6422, 6424, 6426, 6427, 6428, 6431, 6435, 6437, 6438, 6440, 6442, 6443, 6445, 6446, 6458, 6463, 6469, 6472, 6475, 6478, 6480, 6483, 6485, 6486, 6495, 6496, 6500, 6502, 6507, 6508, 6509, 6511, 6514, 6518, 6519, 6521, 6523, 6524, 6525, 6530, 6531, 6532, 6533, 6536, 6539, 6540, 6541, 6543, 6550, 6552, 6553, 6556, 6558, 6566, 6567, 6568, 6571, 6572, 6573, 6574, 6575, 6580, 6581, 6584, 6586, 6589, 6596, 6599, 6601, 6606, 6607, 6608, 6614, 6617, 6618, 6625, 6629, 6632, 6634, 6636, 6639, 6646, 6647, 6648, 6655, 6656, 6657, 6658, 6664, 6667, 6674, 6679, 6684, 6685, 6689, 6691, 6693, 6695, 6699, 6700, 6704, 6705, 6707, 6711, 6712, 6715, 6717, 6724, 6725, 6727, 6729, 6730, 6734, 6735, 6737, 6738, 6741, 6748, 6751, 6753, 6763, 6767, 6775, 6776, 6777, 6778, 6779, 6785, 6786, 6787, 6790, 6791, 6794, 6795, 6796, 6797, 6799, 6803, 6805, 6806, 6809, 6813, 6815, 6816, 6818, 6819, 6826, 6829, 6832, 6833, 6839, 6840, 6845, 6846, 6851, 6854, 6861, 6862, 6863, 6868, 6869, 6870, 6872, 6875, 6876, 6881, 6885, 6887, 6889, 6890, 6897, 6901, 6902, 6903, 6904, 6907, 6909, 6917, 6922, 6925, 6929, 6931, 6933, 6935, 6936, 6938, 6941, 6947, 6948, 6954, 6955, 6963, 6964, 6965, 6966, 6968, 6969, 6973, 6976, 6977, 6978, 6981, 6982, 6985, 6994, 6997, 7001, 7002, 7003, 7005, 7013, 7015, 7017, 7018, 7022, 7028, 7030, 7037, 7040, 7045, 7046, 7049, 7054, 7058, 7060, 7061, 7067, 7068, 7072, 7073, 7077, 7079, 7086, 7089, 7090, 7095, 7099, 7102, 7104, 7108, 7112, 7113, 7115, 7117, 7119, 7120, 7122, 7123, 7126, 7129, 7130, 7137, 7138, 7142, 7148, 7150, 7151, 7152, 7158, 7161, 7162, 7164, 7165, 7167, 7172, 7179, 7181, 7182, 7184, 7185, 7188, 7190, 7191, 7192, 7196, 7197, 7199, 7202, 7205, 7207, 7208, 7211, 7212, 7213, 7214, 7217, 7218, 7220, 7222, 7226, 7228, 7229, 7236, 7237, 7239, 7241, 7242, 7243, 7245, 7248, 7251, 7252, 7257, 7258, 7260, 7263, 7267, 7269, 7273, 7277, 7278, 7279, 7285, 7288, 7291, 7292, 7293, 7298, 7300, 7302, 7304, 7306, 7308, 7309, 7311, 7312, 7313, 7314, 7316, 7321, 7322, 7329, 7332, 7334, 7337, 7344, 7347, 7348, 7350, 7353, 7354, 7360, 7364, 7369, 7371, 7373, 7374, 7375, 7376, 7377, 7380, 7385, 7388, 7394, 7395, 7397, 7399, 7401, 7404, 7409, 7410, 7411, 7412, 7422, 7423, 7425, 7427, 7428, 7430, 7431, 7435, 7439, 7440, 7441, 7447, 7453, 7454, 7455, 7457, 7461, 7466, 7467, 7469, 7470, 7473, 7476, 7477, 7478, 7481, 7482, 7485, 7488, 7489, 7490, 7491, 7494, 7496, 7504, 7505, 7506, 7508, 7512, 7513, 7518, 7522, 7523, 7524, 7526, 7527, 7529, 7530, 7534, 7535, 7536, 7540, 7544, 7546, 7549, 7553, 7554, 7555, 7557, 7560, 7562, 7564, 7566, 7571, 7575, 7576, 7577, 7578, 7579, 7584, 7585, 7586, 7588, 7589, 7601, 7604, 7607, 7608, 7609, 7610, 7611, 7613, 7615, 7617, 7620, 7622, 7625, 7629, 7630, 7633, 7634, 7636, 7637, 7641, 7645, 7647, 7648, 7649, 7651, 7658, 7663, 7664, 7665, 7668, 7673, 7678, 7682, 7683, 7686, 7691, 7693, 7694, 7695, 7696, 7702, 7703, 7709, 7715, 7719, 7721, 7722, 7726, 7728, 7731, 7732, 7734, 7736, 7737, 7739, 7741, 7746, 7749, 7751, 7754, 7755, 7758, 7763, 7764, 7769, 7770, 7778, 7779, 7783, 7788, 7790, 7791, 7793, 7797, 7798, 7799, 7804, 7808, 7812, 7817, 7818, 7823, 7826, 7827, 7832, 7833, 7834, 7836, 7837, 7838, 7840, 7841, 7842, 7843, 7844, 7848, 7851, 7854, 7855, 7860, 7866, 7867, 7869, 7870, 7871, 7872, 7875, 7880, 7881, 7886, 7890, 7892, 7893, 7894, 7898, 7900, 7901, 7905, 7906, 7907, 7908, 7909, 7910, 7913, 7915, 7918, 7920, 7924, 7927, 7928, 7930, 7936, 7942, 7945, 7946, 7948, 7956, 7963, 7965, 7966, 7968, 7969, 7970, 7973, 7975, 7976, 7979, 7980, 7981, 7983, 7984, 7985, 7988, 7990, 7997, 8004, 8007, 8009, 8010, 8013, 8014, 8017, 8020, 8025, 8030, 8034, 8036, 8037, 8038, 8041, 8042, 8044, 8045, 8047, 8048, 8050, 8051, 8052, 8053, 8056, 8057, 8060, 8061, 8062, 8065, 8073, 8076, 8086, 8087, 8088, 8093, 8097, 8103, 8109, 8111, 8112, 8113, 8114, 8115, 8117, 8121, 8122, 8125, 8126, 8127, 8132, 8134, 8136, 8138, 8139, 8141, 8147, 8148, 8152, 8154, 8155, 8157, 8168, 8170, 8174, 8177, 8179, 8183, 8188, 8189, 8192, 8195, 8196, 8197, 8200, 8201, 8202, 8205, 8209, 8210, 8217, 8218, 8219, 8222, 8223, 8225, 8237, 8238, 8239, 8245, 8246, 8247, 8248, 8250, 8252, 8264, 8265, 8269, 8276, 8278, 8280, 8288, 8291, 8294, 8295, 8296, 8298, 8299, 8300, 8301, 8302, 8304, 8307, 8308, 8317, 8320, 8321, 8325, 8329, 8330, 8332, 8336, 8340, 8341, 8342, 8343, 8346, 8351, 8353, 8354, 8356, 8361, 8367, 8370, 8371, 8372, 8373, 8377, 8378, 8381, 8388, 8391, 8392, 8396, 8399, 8400, 8401, 8404, 8406, 8408, 8411, 8412, 8416, 8422, 8424, 8425, 8429, 8430, 8434, 8436, 8437, 8442, 8443, 8444, 8448, 8450, 8451, 8454, 8456, 8457, 8461, 8463, 8467, 8469, 8473, 8475, 8476, 8478, 8481, 8482, 8486, 8487, 8492, 8494, 8501, 8502, 8503, 8504, 8505, 8507, 8509, 8512, 8513, 8515, 8518, 8520, 8522, 8528, 8530, 8533, 8534, 8535, 8536, 8537, 8539, 8549, 8550, 8551, 8552, 8554, 8556, 8558, 8560, 8562, 8563, 8566, 8567, 8568, 8569, 8570, 8571, 8574, 8582, 8585, 8590, 8593, 8594, 8595, 8599, 8601, 8602, 8603, 8605, 8606, 8610, 8618, 8619, 8626, 8631, 8632, 8633, 8637, 8638, 8639, 8642, 8643, 8645, 8647, 8649, 8650, 8653, 8654, 8656, 8658, 8660, 8661, 8665, 8674, 8675, 8678, 8682, 8683, 8687, 8688, 8691, 8695, 8696, 8698, 8699, 8700, 8701, 8703, 8706, 8712, 8715, 8717, 8725, 8729, 8730, 8732, 8739, 8747, 8762, 8766, 8767, 8768, 8773, 8779, 8783, 8784, 8787, 8788, 8792, 8793, 8795, 8798, 8801, 8806, 8810, 8813, 8815, 8818, 8827, 8831, 8834, 8840, 8843, 8845, 8846, 8853, 8859, 8860, 8862, 8863, 8864, 8867, 8869, 8870, 8871, 8872, 8874, 8881, 8883, 8884, 8887, 8890, 8892, 8895, 8901, 8902, 8905, 8906, 8908, 8914, 8916, 8917, 8922, 8923, 8927, 8928, 8930, 8931, 8932, 8934, 8937, 8941, 8945, 8946, 8949, 8953, 8956, 8957, 8961, 8963, 8967, 8971, 8972, 8974, 8976, 8977, 8978, 8979, 8981, 8983, 8985, 8986, 8987, 8991, 8992, 8994, 8998, 9005, 9008, 9017, 9022, 9023, 9024, 9032, 9037, 9038, 9040, 9041, 9043, 9046, 9047, 9050, 9055, 9058, 9061, 9070, 9072, 9082, 9083, 9086, 9087, 9092, 9093, 9096, 9102, 9106, 9109, 9111, 9112, 9121, 9123, 9126, 9127, 9132, 9136, 9137, 9139, 9140, 9142, 9143, 9144, 9145, 9147, 9148, 9149, 9154, 9156, 9159, 9161, 9164, 9167, 9169, 9170, 9171, 9172, 9179, 9189, 9194, 9199, 9203, 9204, 9205, 9206, 9212, 9214, 9216, 9217, 9223, 9226, 9227, 9228, 9230, 9234, 9237, 9245, 9247, 9248, 9252, 9255, 9258, 9262, 9267, 9269, 9270, 9272, 9273, 9276, 9280, 9281, 9282, 9283, 9284, 9286, 9293, 9307, 9309, 9311, 9316, 9317, 9318, 9321, 9322, 9323, 9330, 9332, 9334, 9336, 9349, 9350, 9351, 9357, 9358, 9359, 9361, 9362, 9365, 9367, 9369, 9370, 9376, 9379, 9381, 9392, 9395, 9396, 9401, 9402, 9403, 9408, 9410, 9415, 9416, 9417, 9418, 9425, 9426, 9430, 9432, 9433, 9434, 9435, 9436, 9438, 9442, 9445, 9447, 9449, 9451, 9452, 9453, 9454, 9459, 9460, 9461, 9463, 9466, 9468, 9474, 9478, 9480, 9483, 9486, 9487, 9488, 9490, 9494, 9500, 9501, 9503, 9505, 9509, 9511, 9518, 9523, 9527, 9528, 9530, 9534, 9535, 9537, 9539, 9542, 9544, 9545, 9548, 9549, 9552, 9557, 9558, 9564, 9569, 9570, 9575, 9581, 9584, 9587, 9588, 9589, 9590, 9592, 9595, 9600, 9602, 9606, 9609, 9610, 9615, 9618, 9619, 9622, 9623, 9625, 9629, 9633, 9634, 9638, 9640, 9643, 9644, 9645, 9648, 9650, 9656, 9657, 9661, 9667, 9677, 9684, 9688, 9690, 9693, 9696, 9699, 9700, 9702, 9703, 9706, 9707, 9708, 9709, 9710, 9712, 9713, 9714, 9717, 9719, 9724, 9737, 9738, 9744, 9745, 9746, 9748, 9750, 9753, 9754, 9759, 9768, 9769, 9770, 9771, 9773, 9775, 9778, 9782, 9783, 9784, 9785, 9787, 9795, 9800, 9804, 9805, 9806, 9810, 9816, 9819, 9820, 9823, 9826, 9827, 9829, 9830, 9833, 9835, 9836, 9837, 9838, 9839, 9842, 9846, 9849, 9852, 9864, 9865, 9866, 9871, 9878, 9880, 9881, 9885, 9887, 9889, 9892, 9894, 9898, 9899, 9903, 9906, 9907, 9908, 9909, 9910, 9912, 9915, 9920, 9921, 9923, 9927, 9928, 9930, 9933, 9937, 9938, 9942, 9943, 9945, 9950, 9953, 9958, 9960, 9961, 9963, 9965, 9966, 9967, 9969, 9975, 9980, 9982, 9988, 9991, 9994, 9995, 9998, 9999]
Packed_weights: [845, 758, 421, 477, 505, 282, 619, 983, 903, 311, 730, 899, 435, 914, 478, 806, 549, 720, 2, 494, 871, 239, 968, 804, 508, 933, 552, 707, 548, 815, 604, 576, 477, 758, 877, 843, 899, 706, 850, 590, 580, 451, 661, 997, 917, 846, 732, 816, 535, 635, 607, 576, 962, 211, 801, 647, 351, 989, 732, 919, 170, 677, 846, 410, 509, 561, 281, 954, 353, 947, 634, 622, 716, 651, 240, 379, 876, 702, 663, 562, 884, 495, 467, 876, 1000, 634, 987, 679, 718, 650, 874, 453, 793, 862, 521, 651, 872, 947, 750, 702, 903, 538, 790, 719, 339, 621, 982, 395, 549, 479, 240, 524, 977, 480, 735, 920, 975, 85, 750, 394, 520, 449, 680, 424, 989, 778, 864, 703, 904, 452, 677, 948, 198, 379, 547, 989, 983, 680, 878, 496, 918, 323, 963, 900, 819, 843, 719, 85, 226, 16, 844, 969, 505, 902, 679, 806, 758, 991, 747, 906, 536, 792, 507, 255, 860, 943, 409, 830, 492, 864, 718, 674, 987, 618, 550, 777, 491, 633, 338, 623, 789, 912, 800, 917, 873, 520, 786, 790, 935, 902, 945, 820, 889, 421, 774, 735, 920, 963, 975, 820, 674, 605, 860, 113, 960, 959, 636, 581, 898, 946, 805, 421, 551, 423, 637, 85, 949, 409, 689, 463, 619, 707, 679, 761, 762, 281, 985, 884, 253, 793, 340, 920, 520, 411, 635, 779, 789, 382, 592, 477, 746, 622, 889, 621, 1000, 874, 169, 422, 898, 436, 790, 807, 197, 941, 85, 705, 878, 354, 632, 957, 955, 930, 935, 581, 491, 705, 141, 787, 971, 340, 323, 736, 860, 255, 935, 99, 920, 830, 491, 872, 935, 435, 297, 605, 537, 99, 733, 660, 860, 646, 675, 704, 661, 832, 519, 675, 396, 976, 775, 733, 817, 760, 354, 592, 901, 834, 661, 495, 954, 481, 848, 605, 704, 786, 962, 733, 226, 973, 423, 436, 987, 748, 410, 736, 463, 409, 733, 821, 807, 169, 788, 169, 928, 621, 253, 806, 733, 933, 736, 493, 393, 311, 901, 551, 773, 722, 776, 972, 969, 721, 354, 917, 900, 748, 817, 565, 324, 988, 141, 930, 949, 481, 947, 819, 779, 748, 549, 424, 170, 606, 991, 718, 947, 538, 991, 792, 845, 751, 662, 564, 562, 805, 942, 731, 892, 945, 927, 449, 745, 450, 509, 807, 705, 959, 928, 635, 941, 253, 774, 763, 776, 466, 830, 127, 522, 566, 929, 846, 946, 906, 985, 765, 481, 765, 745, 632, 814, 254, 999, 156, 901, 758, 818, 649, 239, 477, 821, 353, 452, 834, 988, 862, 734, 886, 836, 902, 563, 804, 803, 351, 872, 863, 791, 859, 648, 956, 549, 921, 946, 888, 679, 282, 239, 463, 877, 565, 931, 802, 1000, 778, 779, 674, 380, 437, 914, 534, 408, 437, 226, 395, 646, 836, 998, 886, 878, 422, 871, 394, 605, 591, 997, 934, 958, 297, 635, 778, 170, 819, 736, 717, 963, 409, 864, 900, 913, 985, 744, 949, 996, 155, 705, 648, 982, 689, 818, 481, 453, 254, 776, 562, 828, 857, 921, 169, 828, 850, 609, 886, 565, 917, 930, 589, 507, 480, 834, 491, 832, 394, 954, 863, 491, 691, 932, 875, 225, 496, 947, 509, 368, 382, 759, 779, 916, 480, 956, 977, 566, 619, 676, 891, 968, 985, 576, 365, 605, 935, 198, 847, 929, 382, 436, 382, 704, 828, 678, 946, 693, 621, 379, 661, 509, 912, 340, 565, 481, 765, 254, 930, 969, 523, 674, 947, 871, 806, 678, 788, 802, 962, 888, 521, 184, 595, 435, 634, 618, 899, 905, 844, 197, 675, 862, 758, 646, 989, 886, 339, 439, 439, 664, 846, 954, 395, 464, 705, 874, 211, 997, 381, 538, 971, 493, 758, 746, 240, 968, 864, 594, 507, 340, 155, 564, 480, 730, 435, 665, 963, 762, 886, 804, 339, 496, 863, 996, 791, 521, 862, 521, 708, 996, 694, 962, 609, 746, 973, 1000, 829, 984, 665, 820, 309, 707, 450, 410, 997, 437, 836, 871, 662, 548, 850, 693, 141, 786, 254, 449, 521, 239, 309, 905, 961, 282, 552, 821, 884, 944, 169, 988, 722, 790, 848, 506, 534, 494, 127, 962, 984, 746, 451, 451, 778, 762, 510, 368, 689, 480, 735, 834, 296, 914, 381, 579, 675, 758, 844, 510, 901, 778, 507, 651, 730, 969, 874, 940, 991, 608, 929, 832, 311, 394, 353, 921, 197, 506, 941, 862, 906, 898, 648, 931, 917, 926, 620, 340, 609, 805, 609, 422, 775, 113, 774, 747, 765, 786, 636, 510, 537, 776, 886, 820, 393, 580, 987, 920, 561, 704, 407, 956, 986, 942, 956, 831, 577, 253, 637, 774, 773, 833, 508, 324, 579, 254, 536, 85, 481, 829, 566, 665, 566, 353, 666, 815, 744, 905, 467, 778, 436, 620, 519, 943, 915, 947, 648, 888, 848, 998, 914, 708, 999, 977, 579, 296, 212, 963, 537, 885, 943, 239, 338, 634, 323, 760, 551, 537, 480, 692, 606, 211, 354, 407, 731, 957, 604, 689, 674, 874, 864, 984, 763, 309, 900, 677, 996, 791, 990, 733, 564, 789, 731, 943, 198, 296, 591, 735, 899, 664, 975, 871, 538, 480, 127, 816, 899, 792, 578, 650, 734, 676, 970, 955, 716, 918, 423, 537, 762, 863, 736, 576, 536, 674, 750, 407, 888, 548, 577, 395, 801, 975, 605, 836, 721, 665, 878, 283, 634, 508, 522, 424, 379, 662, 831, 212, 942, 917, 537, 367, 927, 861, 590, 466, 703, 793, 679, 955, 651, 637, 155, 764, 621, 579, 992, 297, 777, 593, 873, 875, 421, 520, 716, 989, 636, 648, 904, 368, 450, 777, 623, 424, 339, 861, 311, 623, 921, 762, 913, 688, 850, 987, 453, 678, 453, 779, 889, 830, 705, 561, 310, 382, 464, 595, 807, 590, 971, 718, 254, 901, 324, 789, 703, 676, 730, 819, 183, 817, 552, 467, 954, 660, 720, 694, 941, 478, 744, 832, 704, 702, 381, 762, 772, 972, 636, 674, 155, 675, 969, 974, 992, 834, 914, 647, 170, 944, 649, 988, 919, 438, 958, 479, 815, 283, 820, 651, 829, 934, 634, 549, 877, 424, 926, 295, 875, 948, 561, 778, 821, 935, 718, 888, 850, 507, 730, 325, 547, 694, 778, 365, 353, 693, 818, 873, 814, 324, 986, 800, 958, 775, 991, 395, 422, 800, 920, 996, 649, 679, 989, 933, 861, 254, 927, 634, 594, 409, 814, 679, 607, 890, 549, 198, 891, 547, 450, 620, 366, 772, 480, 902, 734, 637, 901, 632, 921, 765, 749, 393, 1000, 828, 933, 912, 749, 99, 155, 903, 422, 425, 465, 253, 608, 422, 732, 762, 493, 949, 745, 704, 789, 934, 155, 846, 492, 992, 776, 394, 536, 934, 564, 564, 997, 366, 267, 887, 762, 976, 705, 804, 379, 759, 310, 856, 650, 170, 379, 464, 664, 707, 633, 835, 608, 581, 748, 903, 703, 765, 647, 212, 521, 902, 736, 870, 998, 930, 916, 548, 661, 861, 590, 505, 663, 296, 623, 622, 549, 834, 547, 871, 495, 520, 807, 562, 872, 676, 759, 732, 650, 679, 393, 886, 776, 637, 932, 892, 281, 295, 887, 267, 871, 535, 281, 467, 857, 968, 478, 941, 870, 662, 435, 184, 844, 747, 940, 563, 647, 367, 891, 141, 904, 941, 793, 325, 547, 885, 803, 927, 590, 494, 872, 561, 944, 857, 735, 1000, 338, 744, 845, 694, 792, 820, 906, 819, 607, 422, 864, 870, 421, 960, 933, 591, 814, 113, 479, 905, 971, 590, 520, 971, 874, 846, 877, 522, 396, 337, 955, 563, 282, 947, 353, 999, 828, 927, 536, 986, 717, 773, 606, 609, 875, 438, 537, 494, 493, 521, 575, 992, 791, 884, 621, 792, 581, 963, 565, 353, 819, 466, 538, 648, 394, 735, 651, 395, 817, 381, 519, 678, 198, 758, 577, 975, 858, 793, 786, 561, 623, 814, 919, 225, 620, 790, 547, 367, 862, 775, 590, 269, 996, 831, 379, 535, 169, 962, 904, 534, 805, 969, 423, 847, 295, 295, 941, 849, 690, 801, 269, 890, 987, 464, 507, 141, 690, 594, 113, 394, 942, 947, 963, 524, 776, 536, 972, 607, 735, 971, 523, 934, 926, 589, 745, 903, 804, 451, 989, 353, 948, 309, 836, 914, 197, 566, 764, 634, 633, 382, 913, 992, 791, 537, 986, 926, 506, 844, 141, 590, 450, 636, 962, 704, 211, 595, 758, 926, 663, 975, 963, 453, 688, 717, 744, 842, 996, 589, 311, 463, 907, 858, 945, 477, 759, 577, 604, 295, 749, 184, 969, 467, 688, 477, 758, 819, 830, 832, 899, 295, 875, 379, 836, 325, 679, 466, 562, 424, 661, 339, 520, 708, 679, 972, 562, 734, 973, 716, 676, 850, 859, 947, 974, 564, 935, 947, 155, 548, 408, 779, 765, 920, 368, 987, 677, 948, 576, 800, 506, 856, 269, 663, 820, 595, 969, 842, 996, 690, 872, 944, 842, 494, 310, 831, 623, 905, 789, 509, 863, 960, 254, 948, 578, 902, 870, 956, 481, 718, 745, 828, 997, 843, 947, 693, 942, 864, 874, 593, 998, 253, 945, 425, 802, 422, 593, 873, 871, 888, 807, 366, 976, 834, 944, 212, 900, 920, 637, 935, 974, 849, 436, 858, 523, 788, 962, 864, 998, 510, 906, 788, 789, 325, 477, 552, 425, 296, 450, 650, 479, 805, 833, 491, 609, 860, 870, 212, 225, 580, 816, 732, 549, 408, 901, 382, 421, 340, 675, 665, 621, 747, 835, 593, 240, 605, 523, 394, 935, 874, 999, 873, 491, 550, 803, 533, 843, 535, 963, 863, 435, 381, 744, 984, 831, 844, 943, 523, 365, 864, 477, 680, 985, 604, 787, 722, 662, 860, 751, 621, 718, 382, 971, 864, 678, 463, 510, 451, 835, 861, 524, 735, 958, 990, 888, 958, 836, 435, 750, 926, 606, 859, 954, 537, 338, 353, 354, 508, 520, 892, 662, 933, 576, 382, 959, 974, 547, 801, 666, 834, 508, 720, 928, 295, 437, 692, 875, 269, 394, 760, 990, 505, 892, 803, 666, 620, 858, 311, 773, 436, 678, 990, 878, 733, 295, 930, 591, 494, 722, 367, 480, 309, 982, 464, 690, 889, 648, 666, 730, 873, 691, 538, 901, 352, 438, 702, 941, 606, 763, 892, 450, 646, 864, 934, 848, 847, 679, 878, 621, 212, 877, 509, 958, 941, 660, 733, 828, 113, 736, 943, 971, 763, 424, 902, 591, 977, 789, 918, 409, 942, 800, 898, 425, 534, 619, 957, 775, 565, 963, 506, 914, 968, 352, 719, 901, 814, 425, 886, 730, 423, 240, 283, 820, 793, 338, 848, 787, 549, 968, 452, 464, 410, 983, 353, 931, 704, 438, 636, 551, 648, 618, 734, 550, 694, 661, 537, 466, 708, 675, 921, 477, 870, 929, 463, 506, 510, 814, 339, 721, 480, 425, 764, 971, 930, 535, 949, 975, 779, 878, 692, 786, 534, 437, 916, 997, 773, 677, 423, 790, 368, 843, 818, 760, 926, 367, 861, 985, 732, 932, 971, 816, 650, 495, 622, 844, 198, 947, 990, 836, 990, 324, 296, 451, 961, 438, 858, 495, 439, 749, 535, 650, 296, 437, 679, 974, 900, 800, 550, 340, 452, 730, 589, 974, 606, 407, 533, 675, 942, 982, 717, 789, 382, 690, 987, 948, 493, 677, 988, 536, 774, 534, 899, 506, 775, 861, 337, 649, 494, 521, 886, 759, 533, 956, 996, 887, 637, 593, 677, 930, 353, 791, 985, 579, 889, 968, 594, 819, 561, 902, 790, 777, 764, 792, 663, 183, 225, 829, 843, 481, 777, 848, 212, 848, 905, 421, 760, 676, 562, 719, 619, 255, 310, 565, 733, 496, 919, 127, 621, 394, 380, 590, 99, 212, 577, 379, 666, 690, 354, 694, 932, 833, 722, 693, 989, 802, 804, 439, 876, 772, 549, 693, 807, 834, 705, 942, 310, 816, 820, 707, 760, 818, 506, 453, 496, 425, 410, 800, 914, 719, 921, 927, 605, 992, 491, 786, 986, 665, 704, 351, 666, 917, 1000, 589, 942, 831, 609, 829, 976, 734, 856, 829, 887, 845, 986, 819, 750, 929, 225, 815, 297, 477, 269, 366, 566, 989, 113, 198, 650, 946, 647, 703, 776, 310, 916, 934, 423, 941, 296, 496, 550, 665, 636, 450, 593, 679, 592, 830, 997, 954, 707, 310, 864, 899, 675, 85, 930, 561, 814, 941, 940, 991, 887, 862, 679, 211, 155, 296, 479, 889, 763, 992, 679, 409, 211, 523, 253, 819, 848, 407, 535, 778, 453, 845, 535, 680, 932, 665, 913, 863, 591, 395, 496, 547, 703, 940, 792, 622, 733, 835, 495, 481, 777, 310, 789, 565, 324, 919, 590, 786, 747, 566, 803, 835, 478, 764, 977, 863, 860, 833, 746, 774, 884, 834, 800, 817, 817, 845, 680, 947, 648, 856, 647, 716, 651, 856, 850, 970, 974, 905, 620, 864, 874, 958, 761, 926, 943, 961, 650, 337, 409, 996, 295, 802, 170, 353, 651, 969, 892, 932, 523, 804, 393, 688, 705, 976, 494, 661, 211, 505, 804, 463, 721, 620, 745, 678, 888, 861, 963, 510, 438, 872, 960, 912, 394, 551, 450, 903, 679, 901, 595, 814, 563, 861, 680, 408, 436, 492, 873, 968, 963, 155, 365, 437, 802, 679, 254, 944, 589, 637, 637, 311, 435, 792, 607, 366, 609, 834, 843, 898, 623, 956, 969, 340, 255, 999, 889, 735, 282, 901, 452, 421, 750, 941, 522, 930, 919, 831, 99, 465, 842, 956, 662, 566, 702, 891, 297, 857, 846, 465, 719, 226, 985, 649, 452, 310, 963, 904, 688, 891, 466, 926, 934, 562, 932, 393, 691, 918, 933, 393, 633, 969, 382, 296, 450, 226, 239, 424, 817, 99, 309, 736, 422, 804, 437, 704, 564, 943, 996, 577, 996, 267, 706, 688, 885, 496, 505, 716, 632, 773, 899, 765, 619, 493, 945, 508, 849, 170, 943, 664, 593, 325, 778, 325, 717, 761, 283, 575, 876, 828, 702, 828, 889, 744, 437, 85, 609, 85, 774, 745, 352, 955, 807, 463, 604, 505, 901, 751, 561, 580, 705, 940, 836, 239, 704, 976, 874, 943, 706, 562, 424, 832, 212, 703, 986, 962, 589, 898, 801, 548, 835, 439, 609, 496, 607, 778, 477, 804, 828, 898, 864, 566, 997, 984, 820, 817, 688, 832, 450, 703, 857, 916, 581, 663, 720, 197, 874, 845, 786, 919, 551, 849, 884, 927, 564, 707, 931, 747, 508, 254, 521, 862, 857, 379, 665, 819, 648, 970, 845, 508, 665, 269, 508, 578, 926, 877, 423, 803, 677, 536, 861, 991, 943, 902, 904, 703, 480, 761, 211, 535, 945, 707, 633, 999, 368, 793, 509, 496, 750, 959, 934, 861, 987, 437, 884, 891, 662, 889, 352, 977, 860, 506, 932, 254, 901, 565, 787, 169, 548, 702, 929, 705, 623, 592, 169, 850, 776, 538, 581, 790, 804, 968, 763, 705, 833, 831, 898, 942, 984, 718, 479, 820, 834, 960, 972, 847, 367, 690, 807, 985, 663, 324, 940, 986, 576, 745, 816, 876, 947, 522, 661, 912, 874, 787, 877, 281, 977, 551, 877, 733, 957, 907, 677, 679, 491, 954, 791, 946, 495, 702, 787, 268, 983, 990, 849, 807, 989, 905, 296, 816, 661, 608, 719, 720, 804, 692, 338, 749, 976, 872, 477, 999, 576, 465, 849, 523, 958, 833, 996, 351, 577, 940, 704, 928, 717, 634, 269, 592, 861, 99, 579, 802, 835, 747, 520, 453, 763, 878, 620, 198, 828, 906, 705, 510, 382, 874, 295, 886, 183, 99, 832, 941, 884, 918, 772, 449, 805, 240, 581, 945, 579, 774, 608, 885, 675, 990, 494, 637, 646, 716, 155, 957, 707, 807, 733, 730, 862, 465, 325, 688, 954, 268, 928, 297, 477, 506, 821, 127, 975, 496, 954, 618, 688, 425, 660, 636, 975, 548, 678, 508, 943, 604, 989, 379, 775, 847, 340, 734, 718, 816, 886, 480, 367, 395, 761, 884, 520, 802, 789, 395, 435, 381, 464, 505, 421, 507, 801, 491, 913, 325, 310, 959, 934, 761, 926, 976, 862, 453, 918, 931, 551, 680, 239, 970, 901, 453, 975, 872, 730, 679, 760, 240, 735, 662, 604, 816, 225, 452, 496, 677, 905, 842, 254, 955, 408, 962, 772, 409, 706, 887, 765, 581, 843, 692, 774, 680, 916, 647, 550, 694, 494, 689, 479, 267, 547, 393, 850, 368, 920, 547, 521, 915, 947, 604, 650, 394, 674, 536, 620, 917, 850, 748, 577, 491, 354, 991, 848, 496, 590, 240, 591, 269, 860, 523, 651, 830, 751, 479, 113, 253, 816, 718, 535, 850, 519, 113, 211, 731, 801, 863, 817, 793, 690, 394, 871, 933, 968, 722, 946, 870, 622, 900, 693, 817, 717, 906, 889, 407, 926, 240, 436, 410, 792, 984, 807, 113, 963, 944, 958, 563, 843, 969, 791, 904, 857, 705, 435, 380, 802, 849, 491, 268, 562, 786, 325, 878, 744, 912, 676, 820, 562, 987, 801, 337, 591, 971, 954, 676, 887, 833, 944, 991, 929, 843, 536, 595, 944, 563, 337, 862, 141, 577, 494, 788, 986, 141, 325, 561, 864, 338, 805, 295, 843, 663, 649, 830, 450, 887, 694, 898, 996, 604, 929, 889, 367, 792, 492, 283, 647, 977, 225, 85, 382, 792, 353, 779, 494, 819, 438, 535, 425, 746, 579, 929, 593, 113, 884, 339, 773, 253, 623, 706, 957, 452, 509, 789, 974, 679, 719, 85, 863, 803, 494, 295, 552, 324, 805, 857, 779, 662, 835, 309, 842, 688, 828, 425, 999, 623, 605, 972, 538, 919, 323, 934, 439, 578, 548, 594, 832, 604, 410, 905, 323, 438, 591, 989, 495, 619, 693, 1000, 550, 934, 381, 917, 765, 510, 366, 941, 662, 99, 481, 914, 899, 467, 996, 987, 905, 872, 764, 721, 425, 746, 380, 141, 989, 689, 85, 505, 283, 870, 548, 814, 790, 761, 537, 949, 871, 283, 962, 788, 828, 664, 921, 803, 197, 765, 425, 863, 550, 876, 926, 255, 337, 666, 592, 874, 309, 435, 690, 844, 930, 577, 748, 323, 930, 353, 351, 986, 703, 746, 623, 732, 379, 859, 748, 959, 423, 962, 409, 607, 832, 197, 732, 734, 677, 736, 956, 703, 886, 788, 935, 761, 875, 675, 538, 324, 988, 481, 829, 850, 578, 575, 666, 734, 495, 663, 764, 495, 774, 933, 963, 833, 463, 864, 467, 463, 833, 113, 664, 972, 494, 927, 932, 507, 665, 943, 365, 589, 491, 580, 933, 478, 508, 926, 888, 957, 877, 932, 807, 929, 872, 847, 720, 861, 847, 283, 932, 828, 843, 807, 904, 920, 575, 842, 297, 992, 820, 267, 492, 875, 649, 877, 465, 609, 962, 919, 988, 933, 961, 793, 998, 817, 835, 622, 919, 968, 636, 688, 913, 606, 948, 844, 969, 758, 787, 703, 817, 834, 113, 761, 409, 269, 956, 772, 354, 793, 803, 618, 928, 888, 834, 803, 495, 835, 548, 579, 394, 848, 649, 807, 790, 793, 680, 268, 253, 622, 663, 764, 481, 920, 184, 845, 716, 647, 845, 932, 806, 716, 816, 790, 790, 666, 704, 661, 745, 281, 915, 380, 466, 944, 751, 844, 918, 267, 745, 772, 902, 745, 650, 969, 944, 253, 992, 887, 732, 576, 804, 875, 675, 745, 948, 843, 891, 815, 435, 858, 594, 281, 890, 817, 973, 674, 886, 745, 509, 677, 575, 506, 393, 970, 806, 761, 338, 565, 409, 718, 946, 750, 751, 898, 566, 268, 492, 297, 817, 947, 971, 733, 464, 496, 255, 479, 606, 861, 971, 337, 807, 438, 523, 761, 637, 254, 197, 535, 561, 787, 325, 536, 987, 957, 423, 437, 451, 719, 807, 633, 991, 325, 253, 818, 537, 505, 581, 859, 437, 721, 649, 506, 736, 379, 535, 608, 787, 906, 566, 579, 353, 508, 534, 977, 860, 960, 814, 969, 478, 212, 804, 888, 961, 155, 844, 707, 466, 733, 829, 842, 802, 197, 791, 791, 467, 732, 620, 225, 651, 941, 537, 848, 801, 521, 679, 634, 829, 987, 988, 381, 957, 394, 268, 857, 970, 930, 982, 451, 169, 804, 730, 481, 778, 636, 916, 849, 904, 580, 170, 548, 608, 760, 792, 718, 917, 680, 877, 437, 662, 847, 898, 708, 870, 197, 547, 450, 773, 354, 760, 862, 337, 773, 731, 791, 609, 871, 691, 765, 877, 844, 368, 240, 450, 819, 648, 595, 183, 921, 647, 575, 425, 467, 676, 957, 533, 648, 577, 872, 680, 536, 183, 622, 864, 945, 268, 786, 467, 297, 730, 871, 451, 792, 844, 551, 636, 842, 730, 495, 732, 734, 899, 788, 960, 832, 858, 988, 622, 689, 663, 974, 608, 748, 632, 720, 478, 688, 969, 721, 367, 733, 849, 605, 804, 982, 491, 730, 183, 830, 565, 269, 353, 856, 519, 521, 759, 873, 746, 996, 297, 394, 423, 620, 992, 736, 900, 519, 875, 817, 949, 971, 773, 705, 763, 870, 170, 382, 975, 777, 393, 340, 366, 916, 722, 844, 751, 970, 873, 806, 424, 666, 787, 635, 774, 267, 381, 773, 744, 848, 505, 623, 941, 309, 943, 368, 983, 605, 269, 283, 844, 801, 367, 550, 759, 778, 927, 775, 296, 563, 647, 239, 605, 407, 522, 538, 255, 506, 648, 891, 991, 829, 998, 702, 325, 506, 887, 704, 510, 435, 452, 898, 819, 878, 736, 850, 636, 295, 509, 380, 410, 864, 508, 438, 536, 998, 762, 591, 718, 547, 593, 777, 718, 679, 790, 310, 647, 591, 534, 778, 396, 819, 734, 607, 690, 566, 381, 620, 480, 494, 750, 777, 465, 778, 734, 662, 477, 550, 999, 352, 704, 367, 793, 847, 902, 892, 862, 934, 862, 800, 972, 836, 508, 494, 267, 674, 632, 595, 184, 804, 679, 934, 253, 957, 665, 619, 762, 339, 862, 786, 704, 834, 619, 607, 816, 395, 623, 845, 537, 760, 409, 647, 735, 976, 620, 912, 884, 891, 791, 477, 437, 325, 716, 690, 510, 902, 463, 408, 646, 650, 874, 944, 325, 935, 254, 113, 310, 184, 211, 496, 382, 977, 366, 946, 281, 820, 183, 282, 730, 508, 844, 805, 634, 876, 955, 410, 759, 913, 820, 887, 998, 253, 283, 817, 491, 396, 578, 917, 505, 934, 463, 773, 550, 338, 751, 777, 352, 367, 773, 946, 581, 747, 551, 691, 465, 410, 913, 850, 619, 538, 561, 884, 563, 736, 675, 593, 917, 702, 828, 885, 972, 619, 589]
Run time:180.00015330314636
--------------------------------------------
